nHeight	timeStamp	与每块标准出块时间差值	与每17块标准时间差值	nBits 16hex	每块难度差值	nBits
0	1269211443	0	0	0x1c7fffff	0	478150655
30	1269216060	-22	44	0x1c7d0648	194999	477955656
60	1269220464	-39	4	0x1c78acd7	198008	477670615
90	1269225198	33	423	0x1c798d48	4294952991	477728072
120	1269229959	24	330	0x1d008101	4286359545	486572289
150	1269234605	-40	160	0x1d008502	175	486573314
180	1269239022	11	11	0x1d008794	225	486573972
210	1269243650	40	125	0x1d008886	4294967260	486574214
240	1269248244	55	75	0x1d008aa8	4294967081	486574760
270	1269252947	22	94	0x1d008eaf	4294966637	486575791
300	1269257365	20	-47	0x1d008e2e	1176	486575662
330	1269261962	41	231	0x1d008c8c	313	486575244
360	1269266318	-31	-134	0x1d008f87	805	486576007
390	1269270499	-30	-278	0x1d008c1e	148	486575134
420	1269274803	50	-25	0x1c7e6f82	8525341	478048130
450	1269279142	-23	-45	0x1c7f0c02	39325	478088194
480	1269283574	-41	20	0x1c7c5f46	4294948859	477912902
510	1269288121	12	39	0x1c7c2c62	74290	477899874
540	1269292732	-33	126	0x1c7ea9d6	43851	478063062
570	1269297101	-16	-211	0x1c7d01b1	8617792	477954481
600	1269301485	-40	-48	0x1c79b4b5	113617	477738165
630	1269306342	35	213	0x1c7d89ec	4294817706	477989356
660	1269310829	-34	59	0x1d0080e9	507	486572265
690	1269315216	54	-69	0x1c7ecbde	8500668	478071774
720	1269319874	51	21	0x1d00801c	4286461711	486572060
750	1269324363	-5	-70	0x1d008165	724	486572389
780	1269328660	41	-124	0x1c7ecafc	8501092	478071548
810	1269333096	1	-95	0x1c7cb54b	163943	477934923
840	1269337815	47	84	0x1c7f2edf	4294784749	478097119
870	1269342219	-47	-125	0x1c7fcadf	8435405	478137055
900	1269347006	-20	32	0x1d0086c5	4294965739	486573765
930	1269351461	-39	23	0x1d00862a	4294966398	486573610
960	1269355870	-7	-162	0x1d008547	541	486573383
990	1269360097	24	-133	0x1c7cce1d	8630932	477941277
1020	1269364689	1	34	0x1c7d62d3	54579	477979347
1050	1269369319	25	69	0x1d00810f	4286374392	486572303
1080	1269373556	-10	-196	0x1c7a61ae	8790089	477782446
1110	1269378364	-46	300	0x1c7f4847	4294625011	478103623
1140	1269382868	43	88	0x1d0080e8	268	486572264
1170	1269387162	5	-57	0x1c7df561	8555620	478016865
1200	1269391691	-28	-105	0x1c7dcb7b	113660	478006139
1230	1269396016	15	111	0x1c76b096	261972	477540502
1260	1269400662	17	55	0x1c7c51d7	4294902722	477909463
1290	1269405063	48	-11	0x1c781b00	254013	477633280
1320	1269409887	-32	106	0x1d008248	4286311826	486572616
1350	1269414399	-24	7	0x1d008234	202	486572596
1380	1269418711	38	5	0x1c7df9a6	8554663	478017958
1410	1269423304	-28	-96	0x1d0080b7	4294967206	486572215
1440	1269427562	-31	-282	0x1c7c6fc4	8655277	477917124
1470	1269431996	-13	-138	0x1c7a27e3	4294960413	477767651
1500	1269436304	14	-32	0x1c75429b	83130	477446811
1530	1269441105	-28	297	0x1c77f570	4294796769	477623664
1560	1269445904	33	142	0x1c7f8d00	4294815009	478121216
1590	1269450046	-34	-218	0x1c7a188a	8808701	477763722
1620	1269454491	-40	-161	0x1c7b1081	10293	477827201
1650	1269459051	-36	120	0x1c7904e2	4294925243	477693154
1680	1269463260	-31	-252	0x1c7756cc	287373	477583052
1710	1269467636	12	-60	0x1c72db84	4294900220	477289348
1740	1269472443	-9	218	0x1c75e85e	4294634701	477489246
1770	1269477071	-23	17	0x1c7bb546	4294796472	477869382
1800	1269481570	-49	-5	0x1c7ac528	50550	477807912
1830	1269486112	-6	-22	0x1c7afade	62821	477821662
1860	1269490526	43	-82	0x1c77e2dd	162075	477618909
1890	1269495361	-1	213	0x1c7f081f	4294695229	478087199
1920	1269499776	6	-156	0x1d008120	177	486572320
1950	1269504294	39	33	0x1c7ebc3f	26809	478067775
1980	1269508722	45	226	0x1c7c518e	95599	477909390
2010	1269513469	0	63	0x1d0082b2	4286388150	486572722
2040	1269517902	38	14	0x1d0083f1	4294966952	486573041
2070	1269522388	-51	-27	0x1d00833c	4294966839	486572860
2100	1269526426	-24	-110	0x1c786f22	355764	477654818
2130	1269531240	-7	78	0x1c7de6c4	4294671659	478013124
2160	1269535771	-45	-61	0x1d0080d8	4286342631	486572248
2190	1269540349	-33	37	0x1d00807d	4286388961	486572157
2220	1269544718	-29	-137	0x1c7f69e1	4294942373	478112225
2250	1269549455	15	152	0x1d008198	4286484916	486572440
2280	1269554076	31	0	0x1d008608	4294967014	486573576
2310	1269558717	40	165	0x1d008552	4294967274	486573394
2340	1269563342	-1	137	0x1d008ab5	4294966694	486574773
2370	1269567855	23	43	0x1d008c32	4294967042	486575154
2400	1269572175	-23	-55	0x1d00855b	2141	486573403
2430	1269576822	47	157	0x1d00867d	266	486573693
2460	1269581226	28	1	0x1d008917	146	486574359
2490	1269585534	-5	-1	0x1d008258	842	486572632
2520	1269589831	3	-40	0x1d0080db	491	486572251
2550	1269594076	-30	-250	0x1c7a6616	8788805	477783574
2580	1269598204	-20	-235	0x1c73dec3	342659	477355715
2610	1269602290	-9	-194	0x1c6d1bf0	154575	476912624
2640	1269606618	34	-96	0x1c682121	62034	476586273
2670	1269611356	33	245	0x1c67547c	4294749405	476533884
2700	1269615960	-21	187	0x1c6aa17d	4294909698	476750205
2730	1269620319	20	-218	0x1c6b097c	172031	476776828
2760	1269624940	-42	6	0x1c6c0ef9	4294883811	476843769
2790	1269629407	58	-127	0x1c6b9394	168383	476812180
2820	1269633998	-42	-48	0x1c6d2952	4294869738	476916050
2850	1269638694	32	53	0x1c71093c	4294779555	477169980
2880	1269642843	-49	-217	0x1c6c42f4	226233	476857076
2910	1269646966	-46	-89	0x1c63c067	295771	476299367
2940	1269651793	43	262	0x1c661fec	4294917866	476454892
2970	1269656272	45	52	0x1c666c6b	128487	476474475
3000	1269660921	12	148	0x1c684adf	10699	476596959
3030	1269665468	-46	4	0x1c6b9818	21063	476813336
3060	1269669816	-53	-43	0x1c692c0c	217996	476654604
3090	1269674511	45	-6	0x1c6bac4d	4294904252	476818509
3120	1269679257	53	233	0x1c700b74	4294749576	477105012
3150	1269683629	59	-77	0x1c6faecf	107231	477081295
3180	1269687989	45	-64	0x1c6c7f48	185695	476872520
3210	1269692495	-1	-117	0x1c6cda79	80814	476895865
3240	1269697160	-37	111	0x1c6efa30	4294746255	477035056
3270	1269701648	56	-13	0x1c6d9a8e	289926	476945038
3300	1269706226	16	-76	0x1c72dedf	4294812076	477290207
3330	1269710430	-7	-313	0x1c6ec374	123431	477021044
3360	1269715137	-11	254	0x1c6c997d	4294809039	476879229
3390	1269719689	10	22	0x1c7064f3	39981	477127923
3420	1269724330	50	95	0x1c73998a	4294701781	477337994
3450	1269729081	-3	113	0x1c76186d	4294900954	477501549
3480	1269733747	48	127	0x1c7be7f6	4294698138	477882358
3510	1269738040	-36	-125	0x1c7d0c01	4294865969	477957121
3540	1269742621	5	67	0x1c7899c1	4294852181	477665729
3570	1269747190	-8	194	0x1c789f75	77310	477667189
3600	1269751668	13	81	0x1c790af5	122799	477694709
3630	1269755912	5	-319	0x1c7962eb	157098	477717227
3660	1269760186	44	-119	0x1c721053	218366	477237331
3690	1269764412	33	-242	0x1c6daf29	150667	476950313
3720	1269769101	3	132	0x1c6cfc50	4294853557	476904528
3750	1269773675	40	47	0x1c6fc9d5	4294903954	477088213
3780	1269778139	-3	-14	0x1c6e61fc	124546	476996092
3810	1269782631	5	-94	0x1c72b6d2	4294783946	477279954
3840	1269787147	-23	-55	0x1c704449	4294910821	477119561
3870	1269791304	-30	-302	0x1c6b50ba	317238	476795066
3900	1269795798	-20	9	0x1c68e3d0	4294920879	476636112
3930	1269800312	-26	6	0x1c68ab15	9318	476621589
3960	1269804876	-48	10	0x1c695e55	4294905498	476667477
3990	1269809448	-25	21	0x1c6c2c21	4294792816	476851233
4020	1269813766	34	58	0x1c662afa	295405	476457722
4050	1269818362	-17	-65	0x1c6a6599	4294901873	476734873
4080	1269822981	43	95	0x1c6b0065	2494	476774501
4110	1269827273	-51	-122	0x1c689318	79788	476615448
4140	1269831775	38	35	0x1c67dd8b	4294917918	476568971
4170	1269836080	-45	-82	0x1c66d7f4	4294957058	476502004
4200	1269840169	11	-146	0x1c5f226e	182386	475996782
4230	1269844474	21	-199	0x1c5b2716	166095	475735830
4260	1269849092	58	67	0x1c5af54d	4294840497	475723085
4290	1269853622	45	-51	0x1c5ae063	15664	475717731
4320	1269857953	-10	-118	0x1c5acfb1	27603	475713457
4350	1269862689	57	117	0x1c5ba593	4294847384	475768211
4380	1269867120	-55	19	0x1c5bffc0	33596	475791296
4410	1269871618	40	-122	0x1c5ac4a7	206108	475710631
4440	1269876356	16	81	0x1c5e4704	4294835540	475940612
4470	1269880691	-57	-160	0x1c60f461	4294783001	476116065
4500	1269884985	52	-51	0x1c5917d3	191161	475600851
4530	1269889414	17	-79	0x1c578a91	185816	475499153
4560	1269893750	-59	-126	0x1c56dfa2	57965	475455394
4590	1269897957	-19	-55	0x1c50350a	263997	475018506
4620	1269902445	49	71	0x1c511065	4294896076	475074661
4650	1269907031	-52	-34	0x1c539e6e	4294812499	475242094
4680	1269911558	-4	60	0x1c523512	4294956527	475149586
4710	1269916124	47	145	0x1c51a596	41470	475112854
4740	1269920785	29	53	0x1c54f0a1	4294949180	475328673
4770	1269925133	-45	77	0x1c52c270	142543	475185776
4800	1269929955	-43	200	0x1c570633	4294850881	475465267
4830	1269934466	0	122	0x1c55f1cf	120657	475394511
4860	1269939206	12	260	0x1c5a6808	4294853240	475686920
4890	1269943668	-11	-42	0x1c5bf4bd	2364	475788477
4920	1269948475	-33	191	0x1c5eabe8	4294856174	475966440
4950	1269953101	34	199	0x1c61af91	10385	476163985
4980	1269958122	-17	438	0x1c6a223d	4294618167	476717629
5010	1269962874	-25	262	0x1c7010c4	4294792197	477106372
5040	1269967214	-60	-172	0x1c735d97	4294891866	477322647
5070	1269971777	-28	-228	0x1c736927	4294843051	477325607
5100	1269976545	13	297	0x1c715c67	36074	477191271
5130	1269981310	13	155	0x1c7b3258	4294670395	477835864
5160	1269985348	14	-240	0x1c735d5b	466907	477322587
5190	1269990091	55	255	0x1c73a28d	4294757671	477340301
5220	1269994536	9	-71	0x1c763af1	42859	477510385
5250	1269998931	-6	-154	0x1c73d9b0	23972	477354416
5280	1270003420	36	48	0x1c7134aa	206217	477181098
5310	1270008076	47	111	0x1c74ea45	4294797769	477424197
5340	1270012612	-3	-110	0x1c796f0a	4294935419	477720330
5370	1270017176	-21	4	0x1c791d50	4294843761	477699408
5400	1270021820	-43	-19	0x1c7d08bd	4294841002	477956285
5430	1270026520	-60	238	0x1c7f7709	4294803905	478115593
5460	1270030747	-20	-258	0x1c7d3eab	8602742	477970091
5490	1270035391	7	176	0x1c7a862a	4294953377	477791786
5520	1270039802	-24	-42	0x1c7d4b9e	47751	477973406
5550	1270044524	54	317	0x1c7da084	4294703040	477995140
5580	1270048989	-14	78	0x1d00800a	4294967291	486572042
5610	1270053749	42	261	0x1d0081b5	4294967186	486572469
5640	1270058524	44	241	0x1d008aef	4294966282	486574831
5670	1270062929	13	-59	0x1d008e25	4294966520	486575653
5700	1270067637	-57	186	0x1d008e00	4294967111	486575616
5730	1270071893	-37	-277	0x1d008e83	704	486575747
5760	1270076304	-31	31	0x1d0085e9	507	486573545
5790	1270081000	-54	229	0x1d008b43	4294966370	486574915
5820	1270085475	56	212	0x1d0087ac	640	486573996
5850	1270090263	49	225	0x1d008cfb	4294967028	486575355
5880	1270094683	28	-65	0x1d0091aa	154	486576554
5910	1270099043	18	168	0x1d008a7d	977	486574717
5940	1270103534	-12	-226	0x1d00910b	4294967142	486576395
5970	1270108105	6	41	0x1d009210	4294965973	486576656
6000	1270112344	28	-265	0x1d008a21	1693	486574625
6030	1270116876	-13	6	0x1d008800	4294967233	486574080
6060	1270121538	17	117	0x1d008ce1	4294966366	486575329
6090	1270125895	56	45	0x1d008843	1216	486574147
6120	1270130675	24	486	0x1d008a8e	4294966108	486574734
6150	1270134982	-15	-141	0x1d008b4f	1830	486574927
6180	1270139423	57	15	0x1d008949	303	486574409
6210	1270144009	-51	32	0x1d008c72	4294967129	486575218
6240	1270148548	52	151	0x1d008b67	4294967051	486574951
6270	1270153297	-18	177	0x1d0091fe	4294965755	486576638
6300	1270157817	42	148	0x1d0090b6	954	486576310
6330	1270162253	-43	85	0x1d009291	333	486576785
6360	1270166899	-47	16	0x1d0096c1	4294966270	486577857
6390	1270171345	-14	-68	0x1d0094d8	1010	486577368
6420	1270175875	-47	34	0x1d009655	4294967124	486577749
6450	1270180208	28	-35	0x1d00922f	727	486576687
6480	1270184730	16	84	0x1d008e88	504	486575752
6510	1270189333	50	112	0x1d0094db	4294966353	486577371
6540	1270194428	50	405	0x1d009e20	4294965084	486579744
6570	1270198657	27	-77	0x1d009f25	1161	486580005
6600	1270203295	-24	-90	0x1d00a171	4294966594	486580593
6630	1270207663	-15	-82	0x1d009cb6	738	486579382
6660	1270211978	1	-76	0x1d009aeb	412	486578923
6690	1270216466	-34	17	0x1d009a9e	4294966545	486578846
6720	1270221151	17	73	0x1d009d6c	4294966226	486579564
6750	1270225400	16	-125	0x1d0094a9	2883	486577321
6780	1270229877	-22	14	0x1d009602	4294967280	486577666
6810	1270234217	2	-99	0x1d009258	475	486576728
6840	1270239027	0	175	0x1d00982d	4294966008	486578221
6870	1270243234	-40	-176	0x1d0094b8	718	486577336
6900	1270248055	-36	235	0x1d009703	4294966301	486577923
6930	1270252525	32	-36	0x1d00990e	404	486578446
6960	1270257415	24	204	0x1d00a514	4294964219	486581524
6990	1270261739	-33	-43	0x1d00a0ca	1086	486580426
7020	1270266291	-19	81	0x1d009dba	467	486579642
7050	1270270548	38	-115	0x1d009b91	1314	486579089
7080	1270275005	9	86	0x1d00985e	4294967059	486578270
7110	1270279551	-13	-61	0x1d009af8	4294967159	486578936
7140	1270283950	46	49	0x1d009612	916	486577682
7170	1270288884	0	250	0x1d009fbd	4294965381	486580157
7200	1270293427	55	-1	0x1d00a33d	214	486581053
7230	1270297966	-16	63	0x1d00a681	4294966866	486581889
7260	1270302684	35	50	0x1d00a93b	4294967285	486582587
7290	1270306886	24	-136	0x1d00a749	517	486582089
7320	1270311635	-58	199	0x1d00a675	4294966275	486581877
7350	1270316068	-15	-78	0x1d00ae7f	4294966415	486583935
7380	1270320542	-27	19	0x1d00a882	193	486582402
7410	1270324895	-32	-1	0x1d00a4fe	332	486581502
7440	1270329695	9	60	0x1d00ab04	4294966343	486583044
7470	1270334377	17	162	0x1d00b0d5	4294966317	486584533
7500	1270338817	42	92	0x1d00b17b	236	486584699
7530	1270343191	-57	-13	0x1d00aeae	143	486583982
7560	1270347851	-51	43	0x1d00b1aa	4294965832	486584746
7590	1270352284	-26	74	0x1d00adde	1331	486583774
7620	1270356742	1	78	0x1d00aaea	1465	486583018
7650	1270361150	44	-27	0x1d00ab72	875	486583154
7680	1270365434	-46	-204	0x1d00a98a	573	486582666
7710	1270370005	41	-8	0x1d00a51e	383	486581534
7740	1270374550	-51	54	0x1d00aa99	4294965994	486582937
7770	1270379012	-58	-45	0x1d00a95e	13	486582622
7800	1270383717	49	223	0x1d00a7cf	620	486582223
7830	1270388648	-6	313	0x1d00b6ad	4294964808	486586029
7860	1270392879	24	-296	0x1d00b55e	2641	486585694
7890	1270397750	55	316	0x1d00b7b9	4294965576	486586297
7920	1270402286	0	38	0x1d00bae5	855	486587109
7950	1270406580	-23	-282	0x1d00c03f	745	486588479
7980	1270410926	-41	-299	0x1d00b9b3	967	486586803
8010	1270415294	11	23	0x1d00afd1	596	486584273
8040	1270419650	-48	-100	0x1d00adb3	549	486583731
8070	1270423880	-1	-176	0x1d00a657	1281	486581847
8100	1270428332	41	-140	0x1d00a272	815	486580850
8130	1270432625	7	-151	0x1d009d6a	56	486579562
8160	1270437173	46	87	0x1d00974e	1049	486577998
8190	1270441760	41	154	0x1d009cd6	4294966379	486579414
8220	1270445948	-15	-169	0x1d0097de	1704	486578142
8250	1270450437	16	72	0x1d009359	308	486576985
8280	1270454669	29	-173	0x1d008e48	1209	486575688
8310	1270459106	-45	-97	0x1d008e55	536	486575701
8340	1270463443	12	-88	0x1d008b0c	180	486574860
8370	1270468369	-20	142	0x1d009357	4294964967	486576983
8400	1270472830	-26	-50	0x1d009280	762	486576768
8430	1270477252	30	16	0x1d009225	4294966940	486576677
8460	1270481764	24	26	0x1d008f93	350	486576019
8490	1270486312	59	-55	0x1d0093c3	4294966611	486577091
8520	1270490660	-1	-54	0x1d008f34	301	486575924
8550	1270495052	-2	-179	0x1d008c34	892	486575156
8580	1270499694	30	-49	0x1d009239	4294965844	486576697
8610	1270504342	12	140	0x1d009053	4294967235	486576211
8640	1270508635	15	27	0x1d008d0d	710	486575373
8670	1270513041	33	22	0x1d008bc6	370	486575046
8700	1270517810	0	332	0x1d008eb8	4294966337	486575800
8730	1270522146	-37	-176	0x1d009100	262	486576384
8760	1270526469	-12	-169	0x1d008a83	567	486574723
8790	1270531031	51	100	0x1d00899c	4294966957	486574492
8820	1270535574	-53	-82	0x1d008f14	4294966209	486575892
8850	1270539907	-10	-67	0x1d00869f	1054	486573727
8880	1270544762	-12	113	0x1d008d7c	4294965968	486575484
8910	1270549280	26	165	0x1d008f0e	4294966724	486575886
8940	1270554103	40	176	0x1d00986f	4294965497	486578287
8970	1270558266	-21	-120	0x1d008f64	2061	486575972
9000	1270562724	59	47	0x1d008ce8	695	486575336
9030	1270567189	-55	-128	0x1d008fc9	603	486576073
9060	1270571735	-29	76	0x1d008d0b	4294967097	486575371
9090	1270576098	-19	-33	0x1d008ca4	554	486575268
9120	1270580680	40	180	0x1d008bbb	4294967147	486575035
9150	1270585120	6	180	0x1d008aad	185	486574765
9180	1270589465	-54	-159	0x1d008c9f	4294966976	486575263
9210	1270594028	-16	96	0x1d008bbc	4294966252	486575036
9240	1270598671	-8	97	0x1d008cf9	4294966709	486575353
9270	1270603128	1	-132	0x1d008ec8	4294967049	486575816
9300	1270607450	60	-75	0x1d0085a5	1829	486573477
9330	1270611725	0	-86	0x1d00822c	1059	486572588
9360	1270616419	29	85	0x1d0084be	4294966964	486573246
9390	1270621195	49	20	0x1d008f08	4294965723	486575880
9420	1270626107	29	289	0x1d009540	4294965597	486577472
9450	1270630325	-42	-119	0x1d0094c5	661	486577349
9480	1270634556	-36	-248	0x1d008e33	408	486575667
9510	1270639027	-5	-64	0x1d008b0e	52	486574862
9540	1270643353	17	11	0x1d0083c4	1222	486572996
9570	1270647795	-59	-203	0x1d00894e	4294966857	486574414
9600	1270652330	-44	177	0x1d0083cf	4294966791	486573007
9630	1270656809	-47	-104	0x1d0084ad	4294967164	486573229
9660	1270661320	23	91	0x1d0081d0	182	486572496
9690	1270665053	-44	-421	0x1c77b9f6	8963988	477608438
9720	1270669127	19	-381	0x1c6d2ca4	345201	476916900
9750	1270673514	46	-35	0x1c67f691	4906	476575377
9780	1270678146	5	119	0x1c68bc02	4294867314	476625922
9810	1270682580	30	-31	0x1c6a3c43	43973	476724291
9840	1270687527	36	162	0x1c715e72	4294534512	477191794
9870	1270692109	14	118	0x1c7182c5	4294869772	477201093
9900	1270696396	59	-14	0x1c6f48ac	151135	477055148
9930	1270701117	-14	183	0x1c7187c8	4294774877	477202376
9960	1270705782	-56	255	0x1c72c52d	126047	477283629
9990	1270710187	60	75	0x1c749678	59032	477402744
10020	1270714704	3	83	0x1c765a43	4294778978	477518403
10050	1270719560	54	280	0x1c7a8962	4294803675	477792610
10080	1270724086	11	-138	0x1d0080bf	4286398854	486572223
10110	1270728669	33	173	0x1c7e7317	4294956643	478049047
10140	1270732852	-59	-332	0x1c7cb376	137234	477934454
10170	1270737386	54	-3	0x1c7949c9	23922	477710793
10200	1270741898	-47	28	0x1c794961	4294962764	477710689
10230	1270746598	-8	264	0x1c7b769b	4294690327	477853339
10260	1270751265	-49	-74	0x1d00820f	4294966897	486572559
10290	1270755949	-13	17	0x1d0085c0	4294967004	486573504
10320	1270760369	2	-106	0x1d008381	631	486572929
10350	1270764784	-45	-98	0x1d008530	304	486573360
10380	1270768796	-24	-330	0x1c7b44ce	8731931	477840590
10410	1270773112	-57	-205	0x1c7495a8	184150	477402536
10440	1270777435	39	-167	0x1c720c56	124346	477236310
10470	1270781814	-19	-42	0x1c6e495b	36172	476989787
10500	1270786189	9	-63	0x1c6bc59f	4294963342	476824991
10530	1270790737	-26	3	0x1c6d5ee8	4294819596	476929768
10560	1270794919	-15	-17	0x1c65b957	202972	476428631
10590	1270799500	-51	-112	0x1c6986f8	4294767908	476677880
10620	1270803873	33	-210	0x1c664ce0	113341	476466400
10650	1270808387	-44	-86	0x1c660fc8	4294819423	476450760
10680	1270812769	-2	-159	0x1c64b74b	4294957594	476362571
10710	1270817317	21	73	0x1c63e301	4294893223	476308225
10740	1270821750	-23	-138	0x1c649435	4294919960	476353589
10770	1270825981	22	-85	0x1c5e55a7	176765	475944359
10800	1270830737	9	185	0x1c611260	4294766261	476123744
10830	1270835243	-14	20	0x1c60cec2	85273	476106434
10860	1270839643	-56	14	0x1c608000	113162	476086272
10890	1270844257	54	51	0x1c6201c3	4294922832	476185027
10920	1270848990	27	128	0x1c65933b	4294760435	476418875
10950	1270853420	-13	-28	0x1c677443	4294875442	476542019
10980	1270857505	60	-262	0x1c5fd044	239874	476041284
11010	1270861895	13	-60	0x1c5c216e	46240	475799918
11040	1270866385	-4	100	0x1c5ae370	4294933528	475718512
11070	1270870689	-27	-85	0x1c595eb6	100544	475618998
11100	1270875432	14	119	0x1c5bb501	4294899979	475772161
11130	1270880100	-40	254	0x1c5df1f1	4294784796	475918833
11160	1270884170	51	-310	0x1c5935ea	341101	475608554
11190	1270888670	25	-56	0x1c572d38	88687	475475256
11220	1270893462	55	27	0x1c5c1480	4294856727	475796608
11250	1270897955	-23	-130	0x1c5c7bd0	126108	475823056
11280	1270902694	57	112	0x1c5f544f	4294808280	476009551
11310	1270907098	-5	-54	0x1c5e70df	226826	475951327
11340	1270911684	22	10	0x1c618dde	4294889099	476155358
11370	1270915685	4	-172	0x1c59cc6c	287592	475647084
11400	1270920449	59	188	0x1c5ad44d	4294906546	475714637
11430	1270924752	16	-180	0x1c59e84a	107370	475654218
11460	1270929388	11	-41	0x1c5abb26	4294917121	475708198
11490	1270933696	-42	-78	0x1c58a9ac	177829	475572652
11520	1270937926	-54	-63	0x1c5484d0	205267	475301072
11550	1270942268	-55	-81	0x1c5316d5	4294927266	475207381
11580	1270946736	2	0	0x1c51609c	4294948497	475095196
11610	1270950875	19	-209	0x1c4c76fd	302399	474773245
11640	1270955231	-60	-43	0x1c490010	180809	474546192
11670	1270959910	-60	94	0x1c4d4455	4294770469	474825813
11700	1270964545	-35	98	0x1c4df654	4294824724	474871380
11730	1270968684	52	-157	0x1c495c5a	293442	474569818
11760	1270973362	23	97	0x1c4b259a	4294866083	474686874
11790	1270977654	-42	-170	0x1c49f8c7	4294966302	474609863
11820	1270982387	-13	128	0x1c4c2628	4294791583	474752552
11850	1270986926	60	203	0x1c4af28f	4294955905	474673807
11880	1270991282	-9	-205	0x1c4c5160	11802	474763616
11910	1270995806	-55	222	0x1c493de8	4294965771	474562024
11940	1270999859	-7	-147	0x1c451f1f	344949	474291999
11970	1271004376	54	-96	0x1c454a8f	4294964937	474303119
12000	1271008863	34	-98	0x1c44031c	85640	474219292
12030	1271013122	-37	-174	0x1c42a30d	106822	474129165
12060	1271017464	-51	-302	0x1c4269a5	4294947101	474114469
12090	1271022006	-34	-70	0x1c40b604	17758	474002948
12120	1271026356	55	-103	0x1c3ebc32	173179	473873458
12150	1271030398	-9	-138	0x1c3a193f	143107	473569599
12180	1271035042	46	53	0x1c3b00e3	4294878612	473628899
12210	1271039475	-23	105	0x1c39e596	35052	473556374
12240	1271044137	47	196	0x1c3b4a0a	4294928357	473647626
12270	1271048623	36	54	0x1c3b9d61	4294934684	473668961
12300	1271053151	-14	155	0x1c3b64d6	4294939370	473654486
12330	1271057851	1	165	0x1c3dce65	4294824026	473812581
12360	1271062451	51	67	0x1c3f08e7	4294935664	473893095
12390	1271066910	-31	-5	0x1c3f55f9	75864	473912825
12420	1271071278	-34	-147	0x1c3dec8d	89618	473820301
12450	1271075795	-39	24	0x1c3dd5d2	30755	473814482
12480	1271080106	-13	70	0x1c3bd709	141666	473683721
12510	1271084361	-27	-265	0x1c3a9163	103479	473600355
12540	1271088845	54	16	0x1c3884d8	32477	473466072
12570	1271093213	59	-24	0x1c3783d1	63195	473400273
12600	1271097939	42	154	0x1c386bfb	4294926815	473459707
12630	1271102572	-26	71	0x1c3b25da	4294899088	473638362
12660	1271106837	-29	-137	0x1c39124b	150677	473502283
12690	1271111450	-52	62	0x1c3a063e	4294841882	473564734
12720	1271116195	-38	306	0x1c3bf5dc	4294755647	473691612
12750	1271120798	11	61	0x1c3ca515	32313	473736469
12780	1271124909	11	-314	0x1c3b2d80	174115	473640320
12810	1271129705	57	241	0x1c3ae968	4294849439	473622888
12840	1271134321	29	25	0x1c3dd081	4294930690	473813121
12870	1271138669	38	-25	0x1c3c7671	77218	473724529
12900	1271143271	-26	176	0x1c3b92c2	13468	473666242
12930	1271147928	4	208	0x1c3e5ac8	4294909314	473848520
12960	1271152609	-54	124	0x1c4074c2	4294906351	473986242
12990	1271157029	-47	-39	0x1c41536c	4294891810	474043244
13020	1271161469	52	-101	0x1c3fc062	44585	473940066
13050	1271166176	-13	8	0x1c427286	4294776545	474116742
13080	1271170603	40	86	0x1c3fd621	141435	473945633
13110	1271175308	56	86	0x1c42a12b	4294924662	474128683
13140	1271180094	-32	357	0x1c4573b7	4294818720	474313655
13170	1271184668	6	-75	0x1c4a74ba	4294856179	474641594
13200	1271189409	15	212	0x1c497dd2	4294893390	474578386
13230	1271193492	-15	-288	0x1c48f1a5	168920	474542501
13260	1271198037	-9	20	0x1c45d480	9684	474338432
13290	1271202546	-42	-55	0x1c4783d4	4294901955	474448852
13320	1271207144	25	94	0x1c465294	4294965574	474370708
13350	1271211763	44	45	0x1c482029	4294954733	474488873
13380	1271216157	-8	12	0x1c48c8a2	4294922418	474532002
13410	1271220662	-13	-4	0x1c48907b	4294913783	474517627
13440	1271225147	60	43	0x1c479514	4294958186	474453268
13470	1271229372	-37	5	0x1c453c4f	95187	474299471
13500	1271233657	6	-97	0x1c40f12c	156814	474018092
13530	1271238311	-19	109	0x1c434896	4294812087	474171542
13560	1271242778	-23	106	0x1c41bf71	117896	474070897
13590	1271247278	34	197	0x1c41901a	24522	474058778
13620	1271251472	-48	-327	0x1c427d5b	22047	474119515
13650	1271256226	-50	226	0x1c418b14	4294853307	474057492
13680	1271261162	-55	127	0x1c4817e7	4294640849	474486759
13710	1271265360	-38	-134	0x1c458c0d	150025	474319885
13740	1271269945	12	32	0x1c440634	4294965325	474220084
13770	1271274800	56	163	0x1c48bd08	4294736149	474529032
13800	1271279447	-31	30	0x1c4b3558	4294941492	474690904
13830	1271284134	8	172	0x1c4d51dd	4294835598	474829277
13860	1271288632	30	-41	0x1c4df61b	61138	474871323
13890	1271293029	-28	-99	0x1c4c49b9	113103	474761657
13920	1271297524	-13	53	0x1c4bb767	71449	474724199
13950	1271301775	-57	-101	0x1c4a7250	102126	474640976
13980	1271306173	32	-47	0x1c48a417	20848	474522647
14010	1271310880	-23	80	0x1c4b0f00	4294814818	474681088
14040	1271315552	0	15	0x1c4df610	4294773061	474871312
14070	1271320355	-1	153	0x1c501602	4294859209	475010562
14100	1271324731	4	-40	0x1c502bf2	40063	475016178
14130	1271328985	-3	-157	0x1c4e6b60	48611	474901344
14160	1271333389	-17	-142	0x1c4a8ba2	64994	474647458
14190	1271338287	25	368	0x1c4c1d41	4294936582	474750273
14220	1271342835	15	-6	0x1c512176	4294964170	475079030
14250	1271347282	-20	-36	0x1c4f5122	145878	474960162
14280	1271352045	49	247	0x1c51be1d	4294962293	475119133
14310	1271356234	-50	40	0x1c4eaa87	217197	474917511
14340	1271360910	-33	-14	0x1c529c5b	4294765914	475176027
14370	1271365380	37	64	0x1c52a1e8	4294917429	475177448
14400	1271369551	41	-173	0x1c4d5596	209552	474830230
14430	1271374013	-2	30	0x1c4aeeb5	157153	474672821
14460	1271378486	-9	-59	0x1c4c3903	7051	474757379
14490	1271382990	49	27	0x1c4beafd	52379	474737405
14520	1271387608	28	125	0x1c4d02a3	4294916400	474808995
14550	1271392046	-19	-62	0x1c4c828b	51132	474776203
14580	1271396454	9	-171	0x1c4d2455	18204	474817621
14610	1271400991	-8	8	0x1c4cbf9d	4294918389	474791837
14640	1271405156	-32	-173	0x1c4860f2	231575	474505458
14670	1271409901	-17	115	0x1c4a370b	4294873594	474625803
14700	1271414585	-47	112	0x1c4d4126	4294795876	474824998
14730	1271419148	34	-22	0x1c4ca277	113691	474784375
14760	1271423478	-48	92	0x1c4ac5ec	134575	474662380
14790	1271427777	-10	-229	0x1c4adfa7	74836	474668967
14820	1271432171	40	22	0x1c46b254	157688	474395220
14850	1271436500	28	39	0x1c45bb28	21346	474331944
14880	1271440805	-35	-139	0x1c44d4ac	15218	474272940
14910	1271445117	-13	-153	0x1c41cc1d	17566	474074141
14940	1271449388	-10	-213	0x1c3e7551	171206	473855313
14970	1271453940	-29	21	0x1c3ea2cd	4294948077	473866957
15000	1271458595	-21	-56	0x1c408f2f	4294832400	473993007
15030	1271463037	-44	-33	0x1c3f02d6	59032	473891542
15060	1271467827	-14	182	0x1c422e70	4294816047	474099312
15090	1271472311	14	-68	0x1c4314b3	39168	474158259
15120	1271476874	16	-3	0x1c43bc7e	4294928664	474201214
15150	1271481224	-9	19	0x1c41163d	123154	474027581
15180	1271485744	38	20	0x1c41a9e1	11259	474065377
15210	1271490320	17	129	0x1c424454	4294893285	474104916
15240	1271494769	47	21	0x1c41c6b9	84968	474072761
15270	1271499236	26	-27	0x1c41a28b	66762	474063499
15300	1271503727	-50	36	0x1c426645	4294927608	474113605
15330	1271508031	-18	83	0x1c3f9fe6	103436	473931750
15360	1271512229	4	-158	0x1c3dc630	65192	473810480
15390	1271517160	15	341	0x1c3f0ef1	4294791791	473894641
15420	1271521851	49	134	0x1c4234b5	4294940289	474100917
15450	1271525994	-7	-192	0x1c3f9bab	183557	473930667
15480	1271530304	-21	-210	0x1c3efbe7	4294894118	473889767
15510	1271534981	-45	-73	0x1c3f7b3b	4294861644	473922363
15540	1271539194	34	-145	0x1c3cdccc	117068	473750732
15570	1271543773	-10	58	0x1c3cdab2	4294931341	473750194
15600	1271548531	-51	110	0x1c3eb986	4294904378	473872774
15630	1271553288	-60	235	0x1c412f2e	4294871486	474033966
15660	1271557834	19	-32	0x1c428b43	39531	474123075
15690	1271562192	42	-159	0x1c41f43d	39237	474084413
15720	1271566639	29	-106	0x1c4137df	33321	474036191
15750	1271571172	13	57	0x1c4095f1	4294955916	473994737
15780	1271575748	-3	-38	0x1c42481a	4294897064	474105882
15810	1271580265	-9	-16	0x1c417e17	72453	474054167
15840	1271584545	19	-160	0x1c41a846	10268	474064966
15870	1271589345	51	278	0x1c4155b6	4294852843	474043830
15900	1271594156	15	271	0x1c45e3b9	4294766703	474342329
15930	1271598419	-40	-73	0x1c445de5	20530	474242533
15960	1271603142	10	-9	0x1c4637f1	4294911975	474363889
15990	1271607779	25	276	0x1c473a0b	4294864839	474429963
16020	1271612407	58	219	0x1c4996b2	4294830884	474584754
16050	1271616930	-53	47	0x1c4b8d5a	4294823832	474713434
16080	1271621433	-7	-229	0x1c4ad87a	118974	474667130
16110	1271625927	-25	-10	0x1c4a5dd3	4294967073	474635731
16140	1271630384	-57	-111	0x1c4a2aa3	121479	474622627
16170	1271635032	-54	-51	0x1c4bf0cd	4294917633	474738893
16200	1271639457	57	-128	0x1c4b0f26	21803	474681126
16230	1271644137	31	242	0x1c4bccfa	4294894134	474729722
16260	1271648754	-54	-40	0x1c506f74	4294818037	475033460
16290	1271653424	-36	135	0x1c5016a3	4294930730	475010723
16320	1271658266	42	105	0x1c559028	4294792437	475369512
16350	1271662694	-52	-121	0x1c58b908	4294928257	475576584
16380	1271666987	21	4	0x1c522fca	104056	475148234
16410	1271671264	-43	-101	0x1c4f357e	217348	474953086
16440	1271676023	14	-33	0x1c533f93	4294791738	475217811
16470	1271680630	-55	39	0x1c5575c9	4294775205	475362761
16500	1271685293	10	-14	0x1c57c903	4294744933	475515139
16530	1271689611	32	-220	0x1c5586c5	176931	475367109
16560	1271694307	-23	44	0x1c57e8e1	4294727702	475523297
16590	1271698665	-31	46	0x1c56ad05	4294844246	475442437
16620	1271703115	15	-171	0x1c559878	4294906184	475371640
16650	1271707611	-40	-48	0x1c54a2e6	9124	475308774
16680	1271711938	-34	-73	0x1c511737	147525	475076407
16710	1271716413	22	-129	0x1c5210a0	4294942049	475140256
16740	1271720834	-50	-26	0x1c501ca3	48875	475012259
16770	1271725393	-57	-19	0x1c50bcf5	4294900227	475053301
16800	1271730096	-2	57	0x1c53f1a4	4294820214	475263396
16830	1271734495	15	-31	0x1c519e9c	129313	475111068
16860	1271738925	55	-125	0x1c522131	4294943311	475144497
16890	1271742828	-25	-273	0x1c4ae076	305733	474669174
16920	1271747321	16	78	0x1c478877	46494	474450039
16950	1271751336	-54	-548	0x1c46174d	119225	474355533
16980	1271755668	-20	-51	0x1c406b57	104050	473983831
17010	1271760509	31	238	0x1c4242f9	4294853889	474104569
17040	1271764792	-56	-106	0x1c423b22	185589	474102562
17070	1271769223	-30	61	0x1c40836c	51231	473989996
17100	1271773162	40	-363	0x1c3ca4aa	192377	473736362
17130	1271777601	-59	-17	0x1c3ae5c5	4294954838	473621957
17160	1271782404	11	124	0x1c3c7b2e	4294864839	473725742
17190	1271786658	-28	-84	0x1c3ad51a	96219	473617690
17220	1271790980	49	-133	0x1c399ffa	52688	473538554
17250	1271795199	-38	-194	0x1c375f16	25571	473390870
17280	1271799972	52	126	0x1c3696ed	4294964395	473339629
17310	1271804846	-57	353	0x1c3a31c5	4294889821	473575877
17340	1271809033	-45	-209	0x1c3ada30	136570	473618992
17370	1271813080	20	-268	0x1c354ba9	179802	473254825
17400	1271817364	-26	-308	0x1c3452eb	26058	473191147
17430	1271821808	-31	-235	0x1c336246	4294958800	473129542
17460	1271826292	-34	-55	0x1c3246bb	4294963598	473056955
17490	1271830934	-18	60	0x1c333fce	4294849898	473120718
17520	1271835370	-36	2	0x1c32f87c	4275	473102460
17550	1271839474	-24	-329	0x1c2fdc85	192379	472898693
17580	1271844144	-2	154	0x1c2f8836	4294948970	472877110
17610	1271848542	46	-86	0x1c2f96e5	52167	472880869
17640	1271853030	25	120	0x1c2ee4a5	18092	472835237
17670	1271857606	50	-41	0x1c3066dc	4294883652	472934108
17700	1271862131	17	55	0x1c2fcf51	4294927601	472895313
17730	1271866583	-13	15	0x1c2f9704	10805	472880900
17760	1271871065	-40	-32	0x1c2ffaec	12636	472906476
17790	1271875479	28	-13	0x1c2dfe77	103812	472776311
17820	1271879826	48	-147	0x1c2e1d34	33758	472784180
17850	1271884550	35	193	0x1c2e5c3e	4294884488	472800318
17880	1271889145	36	235	0x1c2eb68a	6966	472823434
17910	1271893532	-31	-89	0x1c2faaa6	10880	472885926
17940	1271898120	-26	48	0x1c2f8608	11554	472876552
17970	1271902760	-16	129	0x1c307e42	17268	472940098
18000	1271907390	57	-37	0x1c32fd9c	4294877313	473103772
18030	1271912119	42	111	0x1c345798	4294871911	473192344
18060	1271916854	41	141	0x1c369d62	4294860847	473341282
18090	1271921217	-24	-148	0x1c364040	21802	473317440
18120	1271925553	37	63	0x1c330ffc	117258	473108476
18150	1271929777	-8	-115	0x1c3197a8	144338	473012136
18180	1271934252	37	8	0x1c308127	20546	472940839
18210	1271938629	26	68	0x1c2f0ed9	68196	472846041
18240	1271943216	-4	-56	0x1c307066	4294953857	472936550
18270	1271947787	-42	-36	0x1c31b8b9	4294888587	473020601
18300	1271952211	-25	-167	0x1c31ddc6	4294902486	473030086
18330	1271956896	15	40	0x1c322c71	4294905201	473050225
18360	1271961369	58	-79	0x1c31abe4	39315	473017316
18390	1271965893	17	83	0x1c316256	62017	472998486
18420	1271970311	-17	33	0x1c319c58	4294952176	473013336
18450	1271974616	59	-145	0x1c30db32	71281	472963890
18480	1271979097	-12	59	0x1c2fad5c	4294926366	472886620
18510	1271983322	-56	-301	0x1c2e6544	113953	472802628
18540	1271987833	-12	-133	0x1c2d94c3	44238	472749251
18570	1271992254	-37	128	0x1c2cca44	957	472697412
18600	1271996668	-50	71	0x1c2b8867	46128	472615015
18630	1272001367	43	195	0x1c2c0b86	4294955483	472648582
18660	1272005963	12	-38	0x1c2ee6e4	4294839002	472835812
18690	1272010326	-16	-84	0x1c2d7eed	81608	472743661
18720	1272015064	-35	17	0x1c2f9bed	4294880008	472882157
18750	1272019381	-31	-319	0x1c2f9020	48554	472879136
18780	1272023648	-45	-223	0x1c2c969a	45310	472684186
18810	1272028437	37	237	0x1c2d2163	4294878044	472719715
18840	1272033340	-14	277	0x1c3027c0	4294859381	472917952
18870	1272038031	11	195	0x1c3272cc	4294894964	473068236
18900	1272042441	37	43	0x1c31d6a8	36483	473028264
18930	1272047129	-37	3	0x1c34b6d5	4294866818	473216725
18960	1272051571	-22	-159	0x1c356986	4294887829	473262470
18990	1272055893	4	-113	0x1c332ad3	62907	473115347
19020	1272060896	-27	240	0x1c361034	4294817870	473305140
19050	1272065279	-19	-196	0x1c36a7d2	88058	473343954
19080	1272069976	-5	30	0x1c38693c	4294775100	473459004
19110	1272074754	-11	150	0x1c39c24e	4294826282	473547342
19140	1272078753	-56	-435	0x1c37f9aa	204031	473430442
19170	1272083469	-33	115	0x1c373771	4294952587	473380721
19200	1272088157	40	287	0x1c388095	4294871570	473464981
19230	1272092517	21	-35	0x1c37fa9a	100690	473430682
19260	1272097156	19	22	0x1c397d79	4294896384	473529721
19290	1272101635	23	-83	0x1c39c4ab	10816	473547947
19320	1272105868	-20	-174	0x1c37015a	103873	473366874
19350	1272110418	45	65	0x1c372572	9255	473376114
19380	1272115055	23	138	0x1c38612a	4294839464	473456938
19410	1272119619	53	-59	0x1c388c08	4294962233	473467912
19440	1272123955	0	-96	0x1c386607	4294966342	473458183
19470	1272128268	24	-196	0x1c36cfdb	4294959298	473354203
19500	1272132546	-59	-191	0x1c3473fc	43672	473199612
19530	1272137159	-35	167	0x1c34142c	4294944035	473175084
19560	1272141843	50	130	0x1c3502ca	38902	473236170
19590	1272146512	29	165	0x1c3650c9	50458	473321673
19620	1272151231	51	147	0x1c396b16	4294898223	473525014
19650	1272155601	-36	-33	0x1c38bae7	50522	473479911
19680	1272160035	-12	-246	0x1c38f346	93540	473494342
19710	1272164521	-28	16	0x1c3833c7	4294936307	473445319
19740	1272169166	54	172	0x1c375bf1	49701	473390065
19770	1272173850	-54	148	0x1c3b6cb8	4294792162	473656504
19800	1272178623	53	9	0x1c3defc3	4294877378	473821123
19830	1272182873	9	-148	0x1c3c20eb	76744	473702635
19860	1272187410	2	13	0x1c3d18d3	4294873274	473766099
19890	1272191516	60	-130	0x1c39723a	85840	473526842
19920	1272195852	-38	-45	0x1c3612a9	94651	473305769
19950	1272200154	-43	-166	0x1c34a97c	75807	473213308
19980	1272204839	-31	236	0x1c34c4cd	4294931948	473220301
