nHeight	timeStamp	与每块标准出块时间差值	与每17块标准时间差值	nBits 16hex	每块难度差值	nBits
0	1269211443	0	0	0x1c7fffff	0	478150655
30	1269217490	90	756	0x1d008b9b	4286542948	486575003
60	1269223676	22	942	0x1d00b11f	4294961230	486584607
90	1269229915	95	916	0x1d00e2ba	4294960067	486597306
120	1269236200	90	1070	0x1d0120c5	4294957181	486613189
150	1269242062	46	790	0x1d0167ab	4294957556	486631339
180	1269247742	23	809	0x1d01aa11	4294957275	486648337
210	1269253926	91	1065	0x1d0214d3	4294951440	486675667
240	1269260144	35	1007	0x1d02b4b3	4294943462	486716595
270	1269266076	6	777	0x1d035881	4294944559	486758529
300	1269272171	64	877	0x1d043085	4294933123	486813829
330	1269278067	84	739	0x1d05282b	4294932994	486877227
360	1269284104	33	887	0x1d0671bd	4294917092	486961597
390	1269290247	98	921	0x1d0819bb	4294897804	487070139
420	1269296420	65	1131	0x1d0a2d14	4294881297	487206164
450	1269302447	39	877	0x1d0cf5d9	4294864592	487388633
480	1269308438	59	993	0x1d0fbfed	4294859375	487571437
510	1269314526	97	1065	0x1d13a730	4294826778	487827248
540	1269320262	68	703	0x1d1860b2	4294803848	488136882
570	1269326298	90	932	0x1d1dda26	4294747422	488495654
600	1269332220	81	811	0x1d24c975	4294718907	488950133
630	1269338272	19	864	0x1d2e7a29	4294558229	489585193
660	1269344183	99	836	0x1d39102f	4294557147	490278959
690	1269350157	20	826	0x1d4670cd	4294427895	491155661
720	1269356184	49	760	0x1d588a0e	4294191063	492341774
750	1269362585	73	1078	0x1d711efd	4293879641	493952765
780	1269368746	56	842	0x1e0091ca	4286468876	503353802
810	1269375022	15	1131	0x1e00b8e9	4294960804	503363817
840	1269381017	31	739	0x1e00ee06	4294960037	503377414
870	1269387123	63	835	0x1e01261a	4294958282	503391770
900	1269392745	5	588	0x1e0165b8	4294957897	503408056
930	1269398699	20	704	0x1e01b069	4294955437	503427177
960	1269404825	18	848	0x1e0227ad	4294946922	503457709
990	1269411002	81	1002	0x1e02ab05	4294945393	503491333
1020	1269416840	86	836	0x1e034479	4294945218	503530617
1050	1269422614	32	756	0x1e03fc89	4294939907	503577737
1080	1269428283	14	624	0x1e04b813	4294940302	503625747
1110	1269434098	60	609	0x1e05c381	4294926430	503694209
1140	1269439749	14	522	0x1e06d579	4294925923	503764345
1170	1269445804	25	777	0x1e086c71	4294899288	503868529
1200	1269451738	51	847	0x1e0a31bc	4294894971	503984572
1230	1269457731	84	805	0x1e0cc2b9	4294874472	504152761
1260	1269463976	93	1018	0x1e10054f	4294837342	504366415
1290	1269470057	37	950	0x1e14ad65	4294793798	504671589
1320	1269476125	11	975	0x1e199b36	4294767621	504994614
1350	1269481988	13	910	0x1e1f4672	4294744911	505366130
1380	1269487710	18	816	0x1e2595ba	4294729195	505779642
1410	1269493872	96	1027	0x1e2f7a6c	4294557650	506428012
1440	1269499969	93	963	0x1e3bd07f	4294489816	507236479
1470	1269505810	85	708	0x1e4a1168	4294424091	508170600
1500	1269511739	62	752	0x1e5a1fa4	4294284525	509222820
1530	1269517433	88	691	0x1e6a8d2a	4294358576	510299434
1560	1269523359	17	872	0x1f0083e1	4285742159	520127457
1590	1269529221	81	824	0x1f00a08b	4294962953	520134795
1620	1269534794	5	692	0x1f00bcb8	4294963134	520142008
1650	1269541052	36	882	0x1f00f199	4294958024	520155545
1680	1269547122	45	850	0x1f012ae5	4294959641	520170213
1710	1269553243	80	841	0x1f017f20	4294953995	520191776
1740	1269559287	82	809	0x1f01de41	4294952258	520216129
1770	1269565125	20	806	0x1f02463a	4294950422	520242746
1800	1269571212	88	898	0x1f02d3ac	4294943845	520278956
1830	1269577104	88	700	0x1f0385f2	4294940337	520324594
1860	1269583357	72	962	0x1f046855	4294931657	520382549
1890	1269589442	32	849	0x1f059235	4294924093	520458805
1920	1269595594	57	831	0x1f071c80	4294909411	520559744
1950	1269601493	23	764	0x1f08d48b	4294899539	520672395
1980	1269607505	15	733	0x1f0b02f6	4294876101	520815350
2010	1269613405	36	843	0x1f0d4760	4294873628	520963936
2040	1269619467	87	840	0x1f10ab22	4294834620	521186082
2070	1269625576	96	939	0x1f14c532	4294816320	521454898
2100	1269631518	0	869	0x1f19c278	4294782407	521781880
2130	1269637437	62	749	0x1f1fd621	4294743335	522180129
2160	1269643469	70	838	0x1f27d362	4294657873	522703714
2190	1269649453	29	968	0x1f30faee	4294577708	523303662
2220	1269655661	79	967	0x1f3dddcc	4294457744	524148172
2250	1269661514	49	654	0x1f4da8aa	4294352403	525183146
2280	1269667173	75	670	0x1f5a623d	4294503119	526017085
2310	1269673145	75	870	0x1f6e0a01	4294291702	527305217
2340	1269679266	94	812	0x20008dff	4286187591	536907263
2370	1269685451	71	981	0x2000b335	4294960816	536916789
2400	1269691590	45	1005	0x2000e2f4	4294959738	536929012
2430	1269697648	79	829	0x2001190c	4294960126	536942860
2460	1269703646	64	915	0x20016099	4294956909	536961177
2490	1269709651	19	819	0x2001b877	4294954103	536983671
2520	1269715869	72	1073	0x20022d30	4294947241	537013552
2550	1269722028	26	908	0x2002be53	4294947119	537050707
2580	1269727963	76	890	0x20037377	4294942166	537097079
2610	1269733723	79	721	0x2004309b	4294937165	537145499
2640	1269739823	36	888	0x200540ac	4294923277	537215148
2670	1269745852	19	911	0x20066e76	4294921189	537292406
2700	1269751838	35	914	0x2008181b	4294902963	537401371
2730	1269757713	39	782	0x2009d6c5	4294898872	537515717
2760	1269763789	71	1011	0x200c1dd4	4294872975	537664980
2790	1269769926	62	926	0x200f8958	4294841150	537889112
2820	1269776092	71	928	0x2010207e	4294925603	537927806
2850	1269782167	26	897	0x200fddd8	4294966396	537910744
2880	1269788107	30	866	0x200e8333	102201	537822003
2910	1269794168	51	863	0x2000c787	954601	536921991
2940	1269800237	65	937	0x200ff3f5	9564	537916405
2970	1269806220	75	815	0x20100444	4294889569	537920580
3000	1269812541	70	1058	0x1e5dd1ea	28442281	509465066
3030	1269818293	27	870	0x200f87b3	4420	537888691
3060	1269824689	86	1012	0x200f54c5	27250	537875653
3090	1269830880	12	972	0x200f78ea	4294958745	537884906
3120	1269837077	43	838	0x200efcf1	67246	537853169
3150	1269843232	49	1018	0x200fe85b	4294952997	537913435
3180	1269849408	72	1029	0x200fbb69	18939	537901929
3210	1269855075	58	665	0x200f7a60	11406	537885280
3240	1269861160	95	1019	0x200f819f	4294955018	537887135
3270	1269867160	99	876	0x200fdc79	3725	537910393
3300	1269873275	52	855	0x200f5c4a	4294953530	537877578
3330	1269879326	88	847	0x200fb144	4294960385	537899332
3360	1269885224	22	812	0x200fffdc	4294955006	537919452
3390	1269891379	52	1049	0x200fbdb3	12565	537902515
3420	1269897163	29	687	0x200ee275	84037	537846389
3450	1269903103	31	855	0x1f3b7d4e	13867757	523992398
3480	1269909081	76	739	0x200fa1fa	4294957303	537895418
3510	1269915403	63	1040	0x200f3e5b	31243	537869915
3540	1269921368	71	887	0x200f35cc	15282	537867724
3570	1269927279	43	765	0x200f8cb6	4294961594	537889974
3600	1269933638	100	982	0x20102c53	4294938976	537930835
3630	1269939619	50	861	0x200f25da	4294932804	537863642
3660	1269945627	19	809	0x200f8a41	4294961154	537889345
3690	1269951635	12	813	0x200fef3a	4294951039	537915194
3720	1269957342	31	507	0x200f96c7	4294934788	537892551
3750	1269963068	62	596	0x200f18c1	4294957461	537860289
3780	1269968962	74	809	0x200f0731	4294956762	537855793
3810	1269975075	11	965	0x200f9276	4294936966	537891446
3840	1269981059	99	859	0x200fcfc0	4294965082	537907136
3870	1269987258	34	1012	0x200ec01a	86016	537837594
3900	1269993335	1	789	0x200fbe1a	4294945167	537902618
3930	1269999173	75	885	0x200f8a70	3875	537889392
3960	1270005042	9	775	0x200fbf99	2543	537903001
3990	1270011116	31	760	0x200fd442	2527	537908290
4020	1270017212	3	843	0x201024eb	4294930761	537928939
4050	1270023068	11	751	0x200f0f96	4294938744	537857942
4080	1270029176	82	852	0x200fb40c	4294931933	537900044
4110	1270034843	7	717	0x200f6394	9718	537879444
4140	1270040444	52	596	0x200ec937	31105	537839927
4170	1270046389	92	972	0x200f3b7c	4294923995	537869180
4200	1270052040	78	606	0x200f3bfc	13854	537869308
4230	1270058107	39	907	0x200f2935	4294956835	537864501
4260	1270064023	38	849	0x200f4cdc	6228	537873628
4290	1270069943	8	711	0x200f8a44	1106	537889348
4320	1270075986	11	810	0x20101083	4294947068	537923715
4350	1270081910	10	719	0x2010100b	4294898805	537923595
4380	1270087666	0	645	0x200f1dbe	3584	537861566
4410	1270093867	90	962	0x200f9ac9	4294916989	537893577
4440	1270100022	75	978	0x2010277f	4294930462	537929599
4470	1270106240	79	1029	0x200f43cd	4294941042	537871309
4500	1270112427	61	938	0x200ea3c4	93991	537830340
4530	1270118370	54	987	0x200f3edf	4278044787	537870047
4560	1270124433	68	753	0x20100790	4294952335	537921424
4590	1270130374	14	827	0x200fb792	4294967229	537900946
4620	1270136515	45	893	0x200fbc0e	19163	537902094
4650	1270142476	65	718	0x200fe876	4294965518	537913462
4680	1270148410	34	676	0x200f0821	68891	537856033
4710	1270154305	70	802	0x200f63e6	4277931799	537879526
4740	1270160247	73	842	0x200f5ded	4294964606	537877997
4770	1270166333	20	878	0x200fca16	4294958966	537905686
4800	1270172080	48	896	0x200fc3e6	4293989803	537904102
4830	1270178118	27	959	0x201002ba	4294954384	537920186
4860	1270183952	45	762	0x200efbc4	4277257245	537852868
4890	1270189902	36	790	0x200f7f28	4294948467	537886504
4920	1270196108	25	941	0x200fc766	4294942923	537904998
4950	1270202053	78	836	0x200e022f	141925	537788975
4980	1270208105	86	807	0x200f9d7b	27576	537894267
5010	1270214131	74	956	0x200ffaea	4294955490	537918186
5040	1270220181	99	893	0x200edfc6	78060	537845702
5070	1270226014	41	883	0x200f6156	8656	537878870
5100	1270232300	25	969	0x20101eb6	4294945467	537927350
5130	1270238206	56	726	0x200f533a	4294900617	537875258
5160	1270244277	29	778	0x200fc75c	4294945553	537904988
5190	1270250224	50	599	0x200e9d81	86583	537828737
5220	1270255955	31	728	0x200f7f73	4294943254	537886579
5250	1270261675	5	606	0x1f5b5819	11797420	526080025
5280	1270267803	86	1061	0x200f421b	4294945732	537870875
5310	1270273895	76	893	0x200fc747	4294952317	537904967
5340	1270279986	70	936	0x200f5330	40778	537875248
5370	1270286180	84	1084	0x200fb1a9	4294929572	537899433
5400	1270291920	69	723	0x200ddcd8	142390	537779416
5430	1270298105	62	839	0x2010247d	4294939682	537928829
5460	1270304238	27	835	0x200fd4cf	4294903459	537908431
5490	1270310286	72	964	0x200feab2	4294966497	537914034
5520	1270316017	24	683	0x200f80d2	4294932652	537886930
5550	1270322169	42	809	0x200fbf33	4294954874	537902899
5580	1270328450	10	929	0x200ec35e	93697	537838430
5610	1270334281	38	784	0x200f0d8a	4294957168	537857418
5640	1270340250	32	664	0x200fb8ba	4294947859	537901242
5670	1270346143	34	711	0x200f9bbe	4294955418	537893822
5700	1270352213	77	878	0x200fda2e	4294956388	537909806
5730	1270358079	41	756	0x200dda81	150837	537778817
5760	1270364030	40	867	0x200fa968	4294952269	537897320
5790	1270370291	96	1097	0x20102019	4294938913	537927705
5820	1270376130	12	737	0x200fb736	14932	537900854
5850	1270382260	68	1036	0x201004f8	4294944069	537920760
5880	1270387849	3	676	0x200f3549	4294953514	537867593
5910	1270393525	20	786	0x200eac2e	4430	537832494
5940	1270399500	42	820	0x200f85ee	4294943118	537888238
5970	1270405380	26	748	0x200fb72b	4294956355	537900843
6000	1270411255	44	873	0x200f8491	4294967286	537887889
6030	1270417252	74	863	0x200fc6bd	4294958943	537904829
6060	1270423325	13	948	0x200edfe7	70290	537845735
6090	1270429292	17	841	0x1f36ba8b	14187386	523680395
6120	1270435345	16	908	0x200fad9f	4294946376	537898399
6150	1270441207	94	760	0x200fc55a	4294960902	537904474
6180	1270447016	10	792	0x20008e15	987878	536907285
6210	1270452786	3	649	0x200f992c	8548	537893164
6240	1270458851	69	1013	0x200f9611	4294964977	537892369
6270	1270465092	93	1118	0x200f9359	36208	537891673
6300	1270471335	77	1067	0x200febdf	4294941978	537914335
6330	1270477255	15	779	0x200f2ad4	66014	537864916
6360	1270483113	67	725	0x200f5d96	4294963173	537877910
6390	1270489126	82	876	0x200f87c9	4294951070	537888713
6420	1270495164	100	883	0x20100477	4294939996	537920631
6450	1270501120	82	820	0x200f864b	4294934279	537888331
6480	1270507006	16	796	0x200f6212	4294963526	537879058
6510	1270513129	53	860	0x200ffb9d	4294941711	537918365
6540	1270519024	64	753	0x200ea2e5	42250	537830117
6570	1270524873	2	805	0x200f4c09	4294944181	537873417
6600	1270530858	69	769	0x200f69fb	4294967285	537881083
6630	1270536705	4	853	0x200f9f16	4294954852	537894678
6660	1270542703	53	955	0x200f7ec6	4580	537886406
6690	1270548829	50	884	0x200fc449	17071	537904201
6720	1270554715	67	810	0x200f7111	39221	537882897
6750	1270560850	1	810	0x200fd47b	4294932272	537908347
6780	1270566796	54	778	0x200ee8a7	67973	537847975
6810	1270572658	37	753	0x200f3fbf	8042	537870271
6840	1270578708	37	874	0x200f9219	4294961699	537891353
6870	1270584645	0	924	0x200fcf1e	4294962099	537906974
6900	1270590809	88	859	0x200e8f9a	101615	537825178
6930	1270597017	74	997	0x200fac6b	4294934209	537898091
6960	1270603024	3	857	0x200ec38b	69537	537838475
6990	1270608698	49	711	0x200fa588	4294922157	537896328
7020	1270614771	49	951	0x200fbf6d	4294936093	537902957
7050	1270620925	49	909	0x20101de9	4294945510	537927145
7080	1270626969	91	715	0x200f3a78	4294927668	537868920
7110	1270633125	94	857	0x200fa74a	4294938300	537896778
7140	1270639304	66	919	0x200ee5fc	71569	537847292
7170	1270645364	53	907	0x200fa00b	4294950816	537894923
7200	1270651211	9	709	0x200fdab0	4294963582	537909936
7230	1270657039	3	669	0x200fe0ed	5641	537911533
7260	1270663204	85	939	0x200fcfd4	4294957315	537907156
7290	1270669355	50	922	0x200fb93d	4294929999	537901373
7320	1270675259	1	791	0x200f6f60	4294957400	537882464
7350	1270681191	57	823	0x200f905e	4284493215	537890910
7380	1270687119	65	817	0x200fa1c4	365	537895364
7410	1270693333	77	869	0x200f3c26	40438	537869350
7440	1270699103	22	762	0x200f3ab8	4294933488	537868984
7470	1270705269	57	945	0x200fa110	4294952822	537895184
7500	1270711380	55	895	0x200ec806	74138	537839622
7530	1270717372	18	858	0x1f4f5dbe	12574258	525295038
7560	1270723268	27	779	0x200f8f10	4294959335	537890576
7590	1270729291	13	816	0x200fe312	4294959116	537912082
7620	1270735455	79	943	0x200f3ccb	51200	537869515
7650	1270741617	30	1005	0x200fed1c	4294924580	537914652
7680	1270747598	25	707	0x200ed7a3	28446	537843619
7710	1270753533	6	761	0x200f8f46	4294932766	537890630
7740	1270759805	99	1200	0x200fe54e	4294942483	537912654
7770	1270765707	3	843	0x200fdaf6	4294922642	537910006
7800	1270771853	22	815	0x20100d0b	4294944622	537922827
7830	1270777858	1	737	0x200fd4ca	8175	537908426
7860	1270783582	43	710	0x200fba58	7517	537901656
7890	1270789636	52	838	0x200ff4df	4294959668	537916639
7920	1270795881	18	869	0x200ef9d0	79062	537852368
7950	1270801713	29	737	0x200fd5d8	4294911759	537908696
7980	1270807666	44	758	0x200f37eb	8946	537868267
8010	1270813400	25	854	0x200efa7e	5607	537852542
8040	1270819382	23	862	0x200f481d	4294967209	537872413
8070	1270825531	3	775	0x20102405	4294925860	537928709
8100	1270831622	74	914	0x200fd167	4294958568	537907559
8130	1270837854	96	994	0x200fbcdf	16331	537902303
8160	1270844020	46	977	0x20102032	4294942035	537927730
8190	1270850160	64	895	0x200fd656	4294956851	537908822
8220	1270856338	47	980	0x200f8f27	28932	537890599
8250	1270862445	72	1008	0x200ff5fd	4294956164	537916925
8280	1270868413	5	754	0x200f0f47	69198	537857863
8310	1270874618	41	1114	0x200fb36d	4294841820	537899885
8340	1270880389	55	643	0x200f8431	4294936928	537887793
8370	1270886166	65	844	0x200f2bb0	8925	537865136
8400	1270892156	91	1005	0x200f3e7d	4294953477	537869949
8430	1270898396	15	791	0x200f4b9a	25213	537873306
8460	1270904509	49	873	0x200f6b51	4294880543	537881425
8490	1270910374	43	897	0x200fbd96	4294946672	537902486
8520	1270916569	64	861	0x200ed1b6	76171	537842102
8550	1270922374	4	757	0x200f5991	24092	537876881
8580	1270928200	97	764	0x200f2330	8447	537862960
8610	1270934263	38	981	0x200f3df5	4294950871	537869813
8640	1270940348	71	890	0x200fbf9b	4294957993	537903003
8670	1270946236	89	678	0x200fb50e	25360	537900302
8700	1270952267	59	788	0x200ff08e	4294940809	537915534
8730	1270958346	82	939	0x200ffbbb	4294961724	537918395
8760	1270964465	37	823	0x200e5e84	111122	537812612
8790	1270970453	24	819	0x200f4b58	4294955150	537873240
8820	1270976200	3	463	0x200f6842	20711	537880642
8850	1270982250	73	862	0x200f7e67	4294944554	537886311
8880	1270988462	99	1072	0x200fca3b	4294948610	537905723
8910	1270994430	50	845	0x200de9d4	4277553161	537782740
8940	1271000451	93	903	0x200f9603	4294940092	537892355
8970	1271006595	77	895	0x200f1736	49552	537859894
9000	1271012720	32	750	0x200fde4e	4294934219	537910862
9030	1271018384	59	688	0x200f951e	25626	537892126
9060	1271024415	2	825	0x201008f5	4294939216	537921781
9090	1271030339	65	795	0x200f2813	4294932831	537864211
9120	1271036583	75	1067	0x1f765713	10023495	527849235
9150	1271042568	30	695	0x200e4e7d	118553	537808509
9180	1271048470	49	979	0x200f5c7e	15417	537877630
9210	1271054502	81	766	0x200fe7db	4294951823	537913307
9240	1271060464	63	875	0x2000ef19	977022	536932121
9270	1271066551	29	883	0x200f2d76	4294928340	537865590
9300	1271072285	83	730	0x200f4d18	21812	537873688
9330	1271078394	97	894	0x200fc0c5	4294947806	537903301
9360	1271084551	2	802	0x200fbefc	21382	537902844
9390	1271090542	46	923	0x200fd115	4294952279	537907477
9420	1271096531	40	888	0x2000ecd5	977575	536931541
9450	1271102315	82	766	0x200fe1bf	4294868463	537911743
9480	1271108145	72	757	0x200f62f1	4294965448	537879281
9510	1271114330	72	982	0x200faa56	4294945969	537897558
9540	1271120481	55	970	0x200ed637	4294042564	537843255
9570	1271126496	51	905	0x20100071	4294930101	537919601
9600	1271132319	22	796	0x200ffcc9	4294953299	537918665
9630	1271138328	66	878	0x200f996f	4294917982	537893231
9660	1271144594	0	951	0x200f4ad1	33981	537873105
9690	1271150827	96	1135	0x200f9d94	4294915923	537894292
9720	1271156756	73	781	0x200fdba7	17180	537910183
9750	1271162812	81	680	0x200ff0e5	5848	537915621
9780	1271168954	30	902	0x200f2b3c	48526	537865020
9810	1271174783	49	782	0x200f35fa	4294885687	537867770
9840	1271180707	50	783	0x200f99b1	4294948713	537893297
9870	1271186619	98	676	0x200f9c87	11913	537894023
9900	1271192785	67	966	0x20101094	4294937859	537923732
9930	1271198838	24	866	0x200f950b	4294913618	537892107
9960	1271204903	85	727	0x20100133	4294958019	537919795
9990	1271210799	48	647	0x200f2879	4294906304	537864313
10020	1271217066	24	916	0x2010025f	4294922283	537920095
10050	1271223156	0	779	0x200f442b	4294946242	537871403
10080	1271229255	67	954	0x200fb430	4294943341	537900080
10110	1271235319	96	883	0x200f25ef	45300	537863663
10140	1271241077	15	702	0x200f0804	18160	537856004
10170	1271247032	11	920	0x200f2c42	4294954678	537865282
10200	1271252861	57	950	0x200effc9	19425	537853897
10230	1271258696	79	809	0x200f1c44	3800	537861188
10260	1271264517	14	856	0x1f0d0718	16910428	520947480
10290	1271270720	45	780	0x200ff820	4294938686	537917472
10320	1271276710	11	802	0x200fa5e8	4294906078	537896424
10350	1271282568	43	854	0x200f4ef2	12284	537874162
10380	1271288822	19	954	0x2000f4a6	965404	536933542
10410	1271294735	4	808	0x200f3023	4294914022	537866275
10440	1271300759	37	913	0x200fc599	4294955032	537904537
10470	1271306598	100	828	0x200fe057	4273	537911383
10500	1271312690	61	1017	0x200f5e52	37451	537878098
10530	1271318653	52	825	0x200fbed8	4294953922	537902808
10560	1271324445	53	633	0x200fd88b	4294954547	537909387
10590	1271330418	45	816	0x200fede8	4294952823	537914856
10620	1271336377	75	915	0x20100537	4294960079	537920823
10650	1271342426	96	848	0x200f8b68	4294925950	537889640
10680	1271348418	87	1033	0x20008e3c	992591	536907324
10710	1271354238	94	813	0x200fbe3c	14966	537902652
10740	1271360152	8	749	0x200f7d1d	34612	537885981
10770	1271366139	35	986	0x200f5649	82	537876041
10800	1271372129	24	903	0x200fb353	4294957066	537899859
10830	1271377878	0	690	0x200f9cc0	14652	537894080
10860	1271384003	34	948	0x2010133f	4294945134	537924415
10890	1271390164	49	992	0x200fb80a	3380	537901066
10920	1271396188	77	841	0x200f8480	28202	537887872
10950	1271402433	52	1002	0x20100c4d	4294931991	537922637
10980	1271408569	15	1137	0x20102f70	4294954888	537931632
11010	1271414544	20	766	0x200f47f0	4294928180	537872368
11040	1271420630	50	1003	0x200f8a39	4294955520	537889337
11070	1271426459	15	729	0x200fb834	9353	537901108
11100	1271432798	64	936	0x200f0ef0	60141	537857776
11130	1271438965	100	1026	0x200f5fb8	4294952982	537878456
11160	1271444920	8	782	0x200fed0d	4294949307	537914637
11190	1271451075	21	930	0x2010047d	4294899121	537920637
11220	1271456978	51	746	0x200f9c58	4294962616	537893976
11250	1271463033	46	745	0x1f046cb5	17521357	520383669
11280	1271469140	14	887	0x200f7b25	4294881555	537885477
11310	1271474864	61	671	0x20008961	993637	536906081
11340	1271481093	54	977	0x200ff873	4294929194	537917555
11370	1271487179	49	1037	0x20100413	4294906336	537920531
11400	1271493234	31	880	0x200fd60e	4294961965	537908750
11430	1271499422	98	985	0x200faa84	29220	537897604
11460	1271505287	17	736	0x200fce69	4294966398	537906793
11490	1271511252	66	905	0x200fec15	4294957560	537914389
11520	1271517203	67	901	0x200f0615	4294953989	537855509
11550	1271523121	32	813	0x200f5eae	4294960223	537878190
11580	1271528996	94	746	0x200f715d	4294961673	537882973
11610	1271535160	42	994	0x200fb11e	4294959153	537899294
11640	1271541365	71	868	0x200e4e9e	133601	537808542
11670	1271547133	58	742	0x200f1971	4969	537860465
11700	1271553165	2	865	0x200f4341	4294955055	537871169
11730	1271559174	67	872	0x200f9f49	4294957136	537894729
11760	1271565313	47	947	0x200ff730	4294962627	537917232
11790	1271571367	28	831	0x200f3b54	4294961098	537869140
11820	1271577329	41	914	0x200f5d45	4294952283	537877829
11850	1271583110	53	670	0x200f6c62	4294966747	537881698
11880	1271589063	62	796	0x200f568d	4998	537876109
11910	1271594985	35	888	0x200f3f5c	18015	537870172
11940	1271600905	67	785	0x200fb476	4294958861	537900150
11970	1271606776	39	720	0x200feb4b	4294959664	537914187
12000	1271612845	100	992	0x201002b9	4294950133	537920185
12030	1271618985	86	1009	0x200fe582	4294904867	537912706
12060	1271624783	28	778	0x200e97d4	93894	537827284
12090	1271631023	57	839	0x20102751	4294957776	537929553
12120	1271637038	57	923	0x200fe456	4294869369	537912406
12150	1271642860	59	837	0x200fab7b	4294963542	537897851
12180	1271649059	70	864	0x200f37dd	35439	537868253
12210	1271654901	10	702	0x200f6dda	4294930353	537882074
12240	1271660925	92	820	0x200f7fb7	4294961699	537886647
12270	1271666924	61	798	0x200fdeab	4294959424	537910955
12300	1271672939	56	1018	0x20100624	4294948869	537921060
12330	1271679102	10	968	0x200f0d68	71249	537857384
12360	1271684767	33	663	0x200f2f1e	4294947471	537866014
12390	1271691118	17	1092	0x200fbf50	4294928059	537902928
12420	1271697028	11	843	0x200e9f4a	82511	537829194
12450	1271702990	91	758	0x200f6ac3	4278181267	537881283
12480	1271708741	19	598	0x200f7558	2669	537883992
12510	1271714576	6	772	0x200f20cc	3199	537862348
12540	1271720873	24	1104	0x200fa53d	4278121853	537896253
12570	1271726950	40	740	0x200ea509	90870	537830665
12600	1271732772	49	840	0x200f7081	19419	537882753
12630	1271738891	69	792	0x200ff158	4294930152	537915736
12660	1271744805	77	811	0x200fad4c	16321	537898316
12690	1271750992	33	996	0x2000ad16	972192	536915222
12720	1271757000	31	915	0x200f7f3b	4294945235	537886523
12750	1271762844	34	693	0x200fb72c	2429	537900844
12780	1271768621	36	811	0x200f9808	5815	537892872
12810	1271774528	91	755	0x200fb725	4294966810	537900837
12840	1271780310	49	667	0x200f91b3	8231	537891251
12870	1271786482	14	995	0x20101e1a	4294943391	537927194
12900	1271792684	96	864	0x1f06a431	17380921	520528945
12930	1271798749	40	967	0x200f9639	4294947945	537892409
12960	1271804893	18	1013	0x200ff849	4294954306	537917513
12990	1271811211	25	1068	0x200f362d	50169	537867821
13020	1271817230	75	935	0x200f1d54	16377	537861460
13050	1271823004	24	626	0x200f7cab	5510	537885867
13080	1271829199	42	811	0x2000e08f	957211	536928399
13110	1271834956	28	644	0x200fdda5	4294870573	537910693
13140	1271841092	56	957	0x200f6b0f	4294951809	537881359
13170	1271847544	91	1006	0x200f44ea	43725	537871594
13200	1271853556	99	772	0x200f6d78	1590	537881976
13230	1271859816	25	1004	0x200ff65a	4294923805	537917018
13260	1271866071	21	1038	0x20103c69	4294887153	537934953
13290	1271871827	14	660	0x200fa8bb	20645	537897147
13320	1271877794	84	1061	0x200f6e9b	7270	537882267
13350	1271884040	45	969	0x200f147c	57294	537859196
13380	1271890157	54	931	0x200feb36	4294930501	537914166
13410	1271896000	12	736	0x200fd793	15391	537909139
13440	1271902161	22	839	0x20100b37	4294848649	537922359
13470	1271908224	54	875	0x20100d5a	4294947190	537922906
13500	1271914488	71	1003	0x201020d4	4294894419	537927892
13530	1271920596	62	980	0x20101fa9	4294953713	537927593
13560	1271926705	35	913	0x20101bcb	4294955572	537926603
13590	1271932844	100	795	0x200ec5b1	91822	537839025
13620	1271938681	8	743	0x200f8763	13374	537888611
13650	1271944854	99	998	0x200fcd54	4294940206	537906516
13680	1271950724	35	786	0x1f02f584	17627265	520287620
13710	1271956800	7	774	0x200e91e1	96053	537825761
13740	1271962719	92	809	0x200fa0db	8487	537895131
13770	1271968593	29	725	0x200fc8f0	4294956473	537905392
13800	1271974628	58	887	0x200fbd72	4294950640	537902450
13830	1271980732	84	888	0x200e747b	107921	537818235
13860	1271986682	96	833	0x200f6cb0	4277364201	537881776
13890	1271992493	39	755	0x200f6502	2329	537879810
13920	1271998486	69	994	0x200f4da7	3819	537873831
13950	1272004313	55	646	0x200fb472	4284103936	537900146
13980	1272010422	80	892	0x201015f6	4294945706	537925110
14010	1272016455	16	810	0x200edd5d	70718	537845085
14040	1272022368	42	824	0x200f831c	1401	537887516
14070	1272028385	42	803	0x200fc3c5	4294939549	537904069
14100	1272034184	57	798	0x200f8508	4541	537888008
14130	1272040304	45	769	0x200eef3a	65226	537849658
14160	1272046220	26	683	0x200f847a	17750	537887866
14190	1272051911	34	534	0x200f3da7	4294960593	537869735
14220	1272058011	28	996	0x20100793	4294896751	537921427
14250	1272064005	39	732	0x200fbbe9	4294959310	537902057
14280	1272070056	5	995	0x200fee65	4294954319	537914981
14310	1272075968	58	694	0x201007d6	4294953874	537921494
14340	1272082073	44	674	0x200e9661	94090	537826913
14370	1272088332	70	943	0x200f7dda	4294937188	537886170
14400	1272094054	17	768	0x200f916c	39	537891180
14430	1272099911	31	839	0x200f5c5d	3673	537877597
14460	1272105765	71	643	0x200fad03	4294957370	537898243
14490	1272111682	59	743	0x200f7945	4294952412	537884997
14520	1272117860	37	875	0x201017ca	4294942447	537925578
14550	1272123832	96	877	0x200fd450	4294964265	537908304
14580	1272129743	1	861	0x1f0378ca	17588091	520321226
14610	1272135761	13	718	0x200f7ecb	4294873804	537886411
14640	1272141681	82	785	0x200f8a3e	5758	537889342
14670	1272147748	88	894	0x200ffa96	4294955008	537918102
14700	1272153607	82	822	0x200f8d79	20569	537890169
14730	1272159748	55	1019	0x20101518	4294951977	537924888
14760	1272165678	14	798	0x200f5194	4294923900	537874836
14790	1272171653	77	875	0x200f580c	4294963738	537876492
14820	1272177470	4	742	0x200f3f42	10842	537870146
14850	1272183664	94	1014	0x200f9b4e	4294953697	537893710
14880	1272189747	74	850	0x200f7946	49629	537884998
14910	1272195807	80	859	0x200f867b	4294948677	537888379
14940	1272201897	68	938	0x2000cee1	977125	536923873
14970	1272207951	23	921	0x200fb867	4294922296	537901159
15000	1272214097	53	911	0x200ece9f	74159	537841311
15030	1272219845	22	763	0x1f0093fa	17724973	520131578
15060	1272225824	37	839	0x200f5e79	4294940436	537878137
15090	1272231712	7	745	0x200f6f54	4294964922	537882452
15120	1272237708	87	817	0x200f56de	4294966869	537876190
15150	1272243517	26	750	0x200f9c4f	4294961786	537893967
15180	1272249430	27	730	0x200f8e27	8003	537890343
15210	1272255413	36	918	0x200fbfa1	4294964387	537903009
15240	1272261298	13	727	0x200e75f1	100534	537818609
15270	1272267194	48	847	0x200f5478	1647	537875576
15300	1272273103	60	889	0x200f7d01	4294966389	537885953
15330	1272279063	14	876	0x200f9471	4294964582	537891953
15360	1272284797	34	660	0x200fb6ed	1750	537900781
15390	1272290733	53	876	0x200fd750	4294946882	537909072
15420	1272296643	11	814	0x200fe108	4294950270	537911560
15450	1272302801	56	901	0x20100f93	4294964684	537923475
15480	1272308579	90	792	0x200f41fe	4294942883	537870846
15510	1272314395	26	802	0x200f6740	2971	537880384
15540	1272320482	5	909	0x200fd113	4294947008	537907475
15570	1272326396	22	802	0x200ff92c	4294964967	537917740
15600	1272332314	46	828	0x200fc4c6	6311	537904326
15630	1272338204	54	835	0x200fd95f	692	537909599
15660	1272344080	29	754	0x200e2dc1	119967	537800129
15690	1272350039	2	850	0x200faeef	4294955853	537898735
15720	1272355970	27	876	0x200fc16d	4294963772	537903469
15750	1272361869	32	704	0x200e671e	4294079911	537814814
15780	1272368087	25	978	0x1f41c158	13448617	524403032
15810	1272374175	22	946	0x20101da3	4294943993	537927075
15840	1272379928	23	777	0x200fe16b	4294966069	537911659
15870	1272385930	76	951	0x200f9426	24854	537891878
15900	1272392075	99	957	0x200e90ca	102348	537825482
15930	1272397912	18	771	0x200f4a8e	3636	537873038
15960	1272403978	88	867	0x200f9a2a	4294950090	537893418
15990	1272410060	81	1050	0x200fcefc	4294959534	537906940
16020	1272416243	62	915	0x200f4ad2	4277505048	537873106
16050	1272422317	41	981	0x200f98d6	4294950979	537893078
16080	1272428588	97	1152	0x20103058	4294943082	537931864
16110	1272434404	23	774	0x200f9528	19858	537892136
16140	1272440569	57	970	0x200ff071	4294940267	537915505
16170	1272446509	33	855	0x200f9f81	4294933226	537894785
16200	1272452377	95	765	0x200fccc7	4294957559	537906375
16230	1272458584	20	1004	0x200f361d	45093	537867805
16260	1272464732	95	938	0x200f88a0	4294954736	537888928
16290	1272470758	95	871	0x200ff59a	4294958051	537916826
16320	1272476945	67	892	0x200fdd8b	4294907940	537910667
16350	1272482782	2	632	0x200fc4ed	551	537904365
16380	1272488835	83	1023	0x200fb5c1	4294953794	537900481
16410	1272494927	73	874	0x200e679e	103830	537814942
16440	1272500741	57	674	0x200f975b	34039	537892699
16470	1272506761	11	908	0x200fce98	4294949390	537906840
16500	1272512807	77	949	0x200ef85d	61023	537851997
16530	1272518773	17	688	0x200f76e4	4294884037	537884388
16560	1272524777	76	835	0x200f9319	4294951485	537891609
16590	1272530704	3	769	0x200f9509	7674	537892105
16620	1272536479	7	708	0x200fad4a	6883	537898314
16650	1272542514	35	905	0x200fdf49	4294950006	537911113
16680	1272548718	94	1020	0x200ec3d2	80580	537838546
16710	1272554741	58	751	0x20101037	4294931689	537923639
16740	1272560707	88	871	0x200fdf9f	4294869034	537911199
16770	1272566629	8	691	0x200ff8a7	4294956610	537917607
16800	1272572650	16	834	0x200f4b22	4294929020	537873186
16830	1272578741	68	935	0x20101a8d	4294929886	537926285
16860	1272584694	53	804	0x200f9d65	4294917318	537894245
16890	1272591145	49	1044	0x200f69f4	18558	537881076
16920	1272597199	96	1063	0x200f3b3d	4294924106	537869117
16950	1272603229	41	929	0x200ffa48	4294945228	537918024
16980	1272609316	21	849	0x200f6a1d	4294955426	537881117
17010	1272614950	71	540	0x200f4a6c	14718	537873004
17040	1272620923	2	927	0x200f5a10	4294931587	537877008
17070	1272627224	40	997	0x2000eabe	965071	536931006
17100	1272633177	79	803	0x200f2c82	4294936895	537865346
17130	1272639426	88	889	0x20101baa	4281751429	537926570
17160	1272645219	64	750	0x200fd109	4294889436	537907465
17190	1272651119	8	685	0x200f96b3	4294948531	537892531
17220	1272657193	50	1026	0x200f48f6	5570	537872630
17250	1272663042	28	762	0x200fc827	4285202745	537905191
17280	1272668902	11	692	0x200fe83d	4294964771	537913405
17310	1272675079	22	940	0x200f89f0	35647	537889264
17340	1272680875	35	739	0x200f95e8	4294966167	537892328
17370	1272686907	95	804	0x200fa814	4294949408	537896980
17400	1272692894	27	900	0x2010351a	4294936874	537933082
17430	1272698860	64	708	0x20100652	4294885132	537921106
17460	1272705085	93	956	0x200fb39b	4294959080	537899931
17490	1272711105	11	994	0x200fce63	11400	537906787
17520	1272717289	45	932	0x20100af0	4294960901	537922288
17550	1272723340	32	825	0x200ef551	4277884969	537851217
17580	1272729363	3	712	0x200fbcab	4294954756	537902251
17610	1272735329	32	881	0x200fdcd2	4294946915	537910482
17640	1272741420	42	843	0x200ed93f	72481	537844031
17670	1272747303	17	720	0x200f39a2	4294949068	537868706
17700	1272753361	47	917	0x200f31fc	1108	537866748
17730	1272759675	70	1106	0x200fd362	4294950217	537908066
17760	1272765326	46	734	0x200e4be2	4277544303	537807842
17790	1272771115	63	697	0x200f5d9c	35724	537877916
17820	1272776894	62	546	0x200f5597	14702	537875863
17850	1272782857	92	804	0x200f1cb8	4294966327	537861304
17880	1272788809	56	854	0x200f49b2	4294962164	537872818
17910	1272794934	63	865	0x200fe1e6	4294940350	537911782
17940	1272800970	75	996	0x200fdaa4	727	537909924
17970	1272807055	28	877	0x200f63f2	4294964441	537879538
18000	1272813082	93	898	0x200f5737	4294964286	537876279
18030	1272818929	13	640	0x2000bc80	976192	536919168
18060	1272824907	20	906	0x200fb1f1	4294955448	537899505
18090	1272831122	92	958	0x200f2480	47635	537863296
18120	1272837033	42	855	0x200fc553	4294963100	537904467
18150	1272842836	43	742	0x200f7487	1126	537883783
18180	1272848954	24	890	0x200fbde2	4294944885	537902562
18210	1272855346	46	1053	0x200efaee	79225	537852654
18240	1272861412	62	787	0x200fcfbc	4294940019	537907132
18270	1272867306	26	751	0x200fd738	4294954683	537909048
18300	1272872959	3	747	0x200f8be7	5225	537889767
18330	1272878968	45	831	0x200fc257	4294953310	537903703
18360	1272885207	25	998	0x200ef913	59256	537852179
18390	1272891047	40	627	0x200fb2c4	4283010263	537899716
18420	1272896937	51	746	0x200fa620	4294959440	537896480
18450	1272903134	69	908	0x200f3ebe	28554	537870014
18480	1272908713	11	603	0x200f0932	4294964321	537856306
18510	1272914832	46	1007	0x200f4c04	42401	537873412
18540	1272920869	67	918	0x200fd2b5	4294944144	537907893
18570	1272927061	71	868	0x200fae1f	22827	537898527
18600	1272932950	9	921	0x200facdc	6208	537898204
18630	1272938608	9	501	0x200fa7f4	2608	537896948
18660	1272944679	56	828	0x200f8559	4294963389	537888089
18690	1272950524	15	752	0x200fcc7c	1485	537906300
18720	1272956783	72	1061	0x200fe4e7	4196	537912551
18750	1272962624	69	717	0x200ef7dd	70090	537851869
18780	1272968787	71	984	0x1f7763ea	9948653	527918058
18810	1272974703	36	674	0x200e3d22	120411	537804066
18840	1272980650	65	783	0x200fa99b	4294959238	537897371
18870	1272986873	80	786	0x200f0a67	62478	537856615
18900	1272992759	99	747	0x200f4456	4294941237	537871446
18930	1272998565	44	770	0x200f31e5	14698	537866725
18960	1273004683	14	896	0x200fc060	4294934939	537903200
18990	1273010768	36	962	0x200eceea	76187	537841386
19020	1273016819	89	774	0x200fa042	14218	537894978
19050	1273022884	74	817	0x200fed1b	4294953876	537914651
19080	1273029031	56	912	0x20101bf7	4294936638	537926647
19110	1273035031	20	903	0x20100c21	4294956786	537922593
19140	1273041291	66	875	0x200ffc8c	4294916870	537918604
19170	1273047250	48	770	0x200ee2c2	73837	537846466
19200	1273053226	5	820	0x1f74b08a	10128542	527741066
19230	1273059287	32	936	0x200fd4f9	4294964707	537908473
19260	1273065180	8	647	0x200efd1a	24568	537853210
19290	1273071380	12	960	0x200fb1b6	4294913563	537899446
19320	1273077369	29	973	0x200fdb2d	4294965743	537910061
19350	1273083372	32	892	0x200feef5	4294908962	537915125
19380	1273089745	89	981	0x200fe21a	4294904130	537911834
19410	1273095652	28	804	0x200d9e78	4294137011	537763448
19440	1273101802	68	904	0x20103ca7	4294958537	537935015
19470	1273107737	32	857	0x200fdef4	4294873748	537911028
19500	1273113784	74	896	0x200fea0e	4294944021	537913870
19530	1273119922	32	874	0x200f725c	42682	537883228
19560	1273125700	88	767	0x200f0f96	16982	537857942
19590	1273131797	37	930	0x200f8848	4294938972	537888840
19620	1273137866	74	826	0x200fdac7	4294949700	537909959
19650	1273143780	63	771	0x200fc5f2	16924	537904626
19680	1273149725	17	827	0x200ed4d8	70548	537842904
19710	1273155652	76	823	0x200f683e	4294963785	537880638
19740	1273161776	91	1000	0x200fcb7f	4283741681	537906047
19770	1273167880	38	985	0x20100cb1	4294963415	537922737
19800	1273173966	38	860	0x200f1ff7	4294958074	537862135
19830	1273179823	59	678	0x200f7043	4294966166	537882691
19860	1273185758	1	658	0x200fcd47	4294942966	537906503
19890	1273191763	92	841	0x200f90e0	790	537891040
19920	1273197541	63	657	0x200fd219	2119	537907737
19950	1273203468	7	798	0x200fd35d	4294958150	537908061
19980	1273209376	37	742	0x200f4b19	49337	537873177
