nHeight	timeStamp	与每块标准出块时间差值	与每17块标准时间差值	nBits 16hex	每块难度差值	nBits
0	1269211443	0	0	0x1c7fffff	0	478150655
30	1269214467	-78	-825	0x1c6de663	1186204	476964451
60	1269217402	-59	-956	0x1c56897c	784929	475433340
90	1269220569	-4	-728	0x1c460728	453244	474351400
120	1269223471	-77	-894	0x1c375080	538371	473387136
150	1269226493	-98	-944	0x1c2ceaa6	330761	472705702
180	1269229521	-94	-863	0x1c22f600	342060	472053248
210	1269232495	-83	-774	0x1c1c10a1	235382	471601313
240	1269235767	-87	-677	0x1c170c70	145616	471272560
270	1269238713	-15	-899	0x1c125ab6	181929	470964918
300	1269241814	-60	-704	0x1c0e947c	139264	470717564
330	1269244755	-34	-723	0x1c0b6a7b	117503	470510203
360	1269247956	-57	-751	0x1c0966d5	88596	470378197
390	1269251089	-86	-722	0x1c07c047	64050	470270023
420	1269254375	-81	-847	0x1c068664	50924	470189668
450	1269257177	-95	-933	0x1c05072c	55018	470091564
480	1269260321	-38	-782	0x1c0422d0	28995	470033104
510	1269263272	-12	-755	0x1c033c93	30910	469974163
540	1269266320	-39	-827	0x1c029570	25140	469931376
570	1269269293	-60	-845	0x1c020ca4	20746	469896356
600	1269272190	-41	-929	0x1c01a381	15156	469869441
630	1269275383	-4	-767	0x1c015127	10389	469848359
660	1269278416	-9	-886	0x1c01122d	9180	469832237
690	1269281235	-59	-935	0x1c00d3cb	8283	469816267
720	1269284144	-34	-932	0x1c00a6fc	5964	469804796
750	1269287363	-2	-753	0x1c00889e	3621	469797022
780	1269290518	-30	-887	0x1b6f698f	997802	460286351
810	1269293468	-92	-1019	0x1b5b1d79	736385	458956153
840	1269296510	-83	-889	0x1b474155	626028	457654613
870	1269299567	-80	-786	0x1b3948ce	412024	456739022
900	1269302587	-37	-750	0x1b2d8bdb	382465	455969755
930	1269305721	-21	-790	0x1b24d2a2	267869	455398050
960	1269308743	-25	-794	0x1b1db510	249945	454931728
990	1269311664	-35	-869	0x1b1749c2	229559	454511042
1020	1269314629	-14	-872	0x1b12946f	168701	454202479
1050	1269317758	-6	-770	0x1b0f0497	98845	453969047
1080	1269320808	-33	-915	0x1b0c4768	85833	453789544
1110	1269324006	-23	-932	0x1b0a12ce	63653	453645006
1140	1269326912	-38	-769	0x1b07bb92	77975	453491602
1170	1269329858	-85	-966	0x1b061de8	63047	453385704
1200	1269332885	-45	-715	0x1b04edc9	39079	453307849
1230	1269335938	-62	-881	0x1b03f01f	36962	453242911
1260	1269338744	-28	-887	0x1b031353	31443	453186387
1290	1269341787	-47	-785	0x1b02683b	22225	453142587
1320	1269344741	-41	-861	0x1b01eeb3	19143	453111475
1350	1269347557	-50	-1055	0x1b018966	14887	453085542
1380	1269350494	-90	-947	0x1b012fc9	11612	453062601
1410	1269353318	-5	-1034	0x1b00ee82	9610	453045890
1440	1269356408	-44	-823	0x1b00bc28	6682	453033000
1470	1269359275	-37	-800	0x1b009230	6177	453022256
1500	1269362392	-55	-834	0x1a78d57f	8892642	444126591
1530	1269365520	-23	-781	0x1a6085c5	929999	442533317
1560	1269368425	-28	-970	0x1a4cf8bf	751173	441252031
1590	1269371394	-31	-1021	0x1a3d5cbd	560044	440229053
1620	1269374550	-45	-604	0x1a304da2	411017	439373218
1650	1269377733	-72	-748	0x1a289967	298085	438868327
1680	1269380849	-68	-881	0x1a20b988	300134	438352264
1710	1269383939	-100	-808	0x1a1ac0a6	221649	437960870
1740	1269387017	-85	-812	0x1a15a602	158063	437626370
1770	1269390128	-38	-618	0x1a1111ea	154122	437326314
1800	1269392905	-98	-1050	0x1a0da341	142272	437101377
1830	1269395959	-4	-736	0x1a0aa283	89272	436904579
1860	1269398809	-71	-947	0x1a086ddd	89662	436760029
1890	1269401716	-64	-796	0x1a06894f	67624	436635983
1920	1269404760	-63	-722	0x1a054446	41545	436552774
1950	1269407803	-69	-879	0x1a04461e	34911	436487710
1980	1269410668	-60	-895	0x1a034bfa	34717	436423674
2010	1269413599	-78	-919	0x1a02a2d6	23004	436380374
2040	1269416772	-41	-632	0x1a0216aa	17311	436344490
2070	1269419549	-93	-1060	0x1a01ab6d	16492	436317037
2100	1269422779	-63	-770	0x1a015cb5	8645	436296885
2130	1269425526	-77	-1049	0x1a010de7	11669	436276711
2160	1269428577	-34	-966	0x1a00d9a0	6265	436263328
2190	1269431770	-91	-718	0x1a00ad92	5266	436252050
2220	1269434744	-14	-842	0x1a0089ea	5127	436242922
2250	1269437688	-81	-963	0x196ee98a	978256	426699146
2280	1269441024	-57	-592	0x1959d09c	597861	425316508
2310	1269444212	-14	-729	0x194abd57	639164	424328535
2340	1269447078	-41	-968	0x193b832a	565361	423330602
2370	1269450134	-60	-789	0x192e95a9	452191	422483369
2400	1269453143	-49	-721	0x19252a4c	388226	421866060
2430	1269455962	-41	-965	0x191dcc4a	289674	421383242
2460	1269458680	-36	-1009	0x1916811b	243603	420905243
2490	1269461769	-65	-760	0x1911dd64	163423	420601188
2520	1269464900	-6	-665	0x190e6f74	124769	420376436
2550	1269467777	-70	-876	0x190b5361	123149	420172641
2580	1269470521	-16	-999	0x1908c6b3	107614	420005555
2610	1269473419	-23	-989	0x1906f9ff	63816	419887615
2640	1269476219	-78	-1084	0x19056027	61168	419782695
2670	1269479316	-42	-820	0x19043ff9	38059	419708921
2700	1269482432	-57	-879	0x19037fd1	31038	419659729
2730	1269485598	-25	-960	0x1902dd96	23847	419618198
2760	1269488676	-35	-724	0x190246cb	19914	419579595
2790	1269491681	-54	-866	0x1901d51d	16519	419550493
2820	1269494782	-19	-752	0x1901796c	12096	419527020
2850	1269497645	-89	-1060	0x1901314f	10439	419508559
2880	1269500635	-80	-819	0x1900ea9d	9140	419490461
2910	1269503926	-68	-676	0x1900c13b	5989	419479867
2940	1269507002	-4	-803	0x19009f19	4864	419471129
2970	1269509958	-42	-875	0x187e5ba8	8532934	410934184
3000	1269512631	-40	-1234	0x18623178	1044175	409088376
3030	1269515647	-29	-843	0x184c8787	630955	407668615
3060	1269518557	-93	-933	0x183b7aaa	628589	406551210
3090	1269521688	-54	-761	0x183017db	366286	405805019
3120	1269524529	-45	-853	0x1825d7ff	367043	405133311
3150	1269527623	-11	-887	0x181e9f31	225135	404660017
3180	1269530891	-62	-806	0x181974a2	159248	404321442
3210	1269533715	-17	-938	0x1813a3a9	203550	403940265
3240	1269536868	-30	-775	0x180ff67a	127962	403699322
3270	1269540137	-31	-712	0x180d0885	103723	403507333
3300	1269543161	-42	-816	0x180aa213	86711	403350035
3330	1269546367	-80	-627	0x18089755	73236	403216213
3360	1269549512	-52	-759	0x180709bd	59089	403114429
3390	1269552802	-37	-761	0x1805e602	44419	403039746
3420	1269555949	-33	-789	0x1804cb6f	44348	402967407
3450	1269558896	-21	-783	0x1803ca36	36217	402901558
3480	1269561869	0	-883	0x180302f5	31419	402850549
3510	1269564607	-64	-991	0x18025a74	24647	402807412
3540	1269567584	-17	-935	0x1801e282	16054	402776706
3570	1269570615	-18	-932	0x18017b34	13560	402750260
3600	1269573552	-48	-946	0x18012d92	10623	402730386
3630	1269576565	-35	-841	0x1800ed2e	8649	402713902
3660	1269579287	-71	-992	0x1800b878	7909	402700408
3690	1269582521	-41	-761	0x18009436	4754	402691126
3720	1269585711	-9	-679	0x177a42f8	8799544	393888504
3750	1269588964	-5	-691	0x17656539	795080	392521017
3780	1269592011	-30	-876	0x1751cdc1	718538	391237057
3810	1269594912	-73	-972	0x17419af6	560849	390175478
3840	1269598170	-38	-572	0x1733dc5e	420290	389274718
3870	1269601341	-59	-678	0x172aded2	362705	388685522
3900	1269604210	-84	-867	0x1722402c	326727	388120620
3930	1269607321	-24	-678	0x171b4537	245088	387663159
3960	1269610468	-90	-737	0x171631ba	200523	387330490
3990	1269613215	-31	-967	0x17116156	196479	387014998
4020	1269616368	-66	-764	0x170e18c8	97025	386799816
4050	1269619478	-26	-826	0x170b5124	102367	386617636
4080	1269622731	-35	-587	0x170932e7	68697	386478823
4110	1269625632	-66	-875	0x170770fd	72286	386363645
4140	1269628692	-9	-888	0x1705ff28	48930	386268968
4170	1269631689	-66	-917	0x1704ce72	36296	386190962
4200	1269634823	-12	-725	0x1703cbda	31812	386124762
4230	1269638008	-89	-773	0x17032962	25529	386083170
4260	1269641059	0	-839	0x170283b7	23301	386040759
4290	1269644018	-90	-835	0x170201ed	17724	386007533
4320	1269646976	-76	-878	0x170193c8	17239	385979336
4350	1269649628	-12	-1111	0x17013bbd	13734	385956797
4380	1269652413	-68	-938	0x1700efc4	10026	385937348
4410	1269655221	-2	-1128	0x1700bae0	7671	385923808
4440	1269658164	-6	-856	0x17009017	5963	385912855
4470	1269661400	-61	-667	0x16757b88	9111791	376798088
4500	1269664389	-62	-776	0x165ea491	968728	375301265
4530	1269667553	-30	-751	0x164cff11	640100	374144785
4560	1269670613	-50	-745	0x163e5212	550426	373182994
4590	1269673890	-73	-647	0x1633d343	340697	372495171
4620	1269676865	-40	-986	0x1629b638	356233	371832376
4650	1269680013	-78	-834	0x16219a40	301437	371300928
4680	1269682944	-86	-871	0x161aa2d6	244016	370844374
4710	1269685952	-16	-796	0x1614f123	205509	370471203
4740	1269688969	-56	-921	0x16112af5	131386	370223861
4770	1269691918	-36	-925	0x160d40fd	146317	369967357
4800	1269694621	-82	-1177	0x160a81bc	100141	369787324
4830	1269697385	-38	-859	0x1607c5b7	88349	369608119
4860	1269700262	-40	-876	0x160620b7	59886	369500343
4890	1269703086	-71	-931	0x1604bf6b	52178	369409899
4920	1269705910	-85	-1055	0x1603be58	37851	369344088
4950	1269708881	-28	-755	0x1602e56d	27438	369288557
4980	1269711945	-54	-817	0x160255fc	19957	369251836
5010	1269714934	-81	-874	0x1601e2b3	15880	369222323
5040	1269717942	-91	-881	0x16017fee	13835	369197038
5070	1269720764	-67	-992	0x16012aaa	12029	369175210
5100	1269723789	-23	-783	0x1600e92d	8630	369158445
5130	1269726772	-74	-865	0x1600bb83	7001	369146755
5160	1269729771	-28	-845	0x160095bf	4889	369137087
5190	1269732548	-79	-926	0x157490d4	9172422	359960788
5220	1269735287	-52	-1053	0x155943a2	912928	358171554
5250	1269738137	-32	-1072	0x1545be2c	627443	356892204
5280	1269741363	-55	-661	0x15376927	398576	355952935
5310	1269744222	-28	-743	0x152c3b17	382781	355220247
5340	1269747341	-77	-869	0x1523a8cf	293123	354658511
5370	1269750457	-100	-701	0x151cd029	221462	354209833
5400	1269753534	-30	-602	0x151703db	198321	353829851
5430	1269756695	-49	-726	0x1512c9e5	167200	353552869
5460	1269759614	-55	-994	0x150f3f17	144478	353320727
5490	1269762827	-8	-655	0x150c30d6	96086	353120470
5520	1269766002	-20	-716	0x150a06c0	79290	352978624
5550	1269769211	-20	-843	0x15085fae	61862	352870318
5580	1269772116	-79	-947	0x150694c2	62959	352752834
5610	1269774944	-88	-1043	0x15053383	47610	352662403
5640	1269778165	-38	-725	0x1504218c	33802	352592268
5670	1269781118	-35	-881	0x15034f2d	32649	352538413
5700	1269784198	-8	-892	0x1502b011	23849	352497681
5730	1269786893	-90	-1038	0x15021130	21704	352457008
5760	1269789825	-59	-899	0x15019c3e	15171	352427070
5790	1269793059	-47	-563	0x15014a9b	10513	352406171
5820	1269795975	-27	-1076	0x15010e01	10723	352390657
5850	1269799053	-21	-763	0x1500d3d3	7190	352375763
5880	1269802103	-24	-846	0x1500aa25	6558	352365093
5910	1269805032	-83	-996	0x150088aa	5190	352356522
5940	1269807685	-22	-1033	0x1467ef40	1143307	342355776
5970	1269810909	-22	-776	0x145439a2	589950	341064098
6000	1269814042	-43	-872	0x14451905	545721	340072709
6030	1269817240	-67	-694	0x14381671	417469	339220081
6060	1269820403	-85	-657	0x142d3299	408658	338506393
6090	1269823674	-20	-719	0x14263b4e	224145	338049870
6120	1269826571	-66	-1043	0x141eaf24	265205	337555236
6150	1269829526	-30	-860	0x1417cd29	223682	337104169
6180	1269832421	-74	-967	0x1412eae8	182460	336784104
6210	1269835261	-84	-854	0x140e9367	148477	336499559
6240	1269838263	-92	-956	0x140bda9c	90322	336321180
6270	1269841542	-14	-795	0x14097ff4	67245	336166900
6300	1269844447	-24	-801	0x14078928	72362	336038184
6330	1269847465	-76	-896	0x14060e02	52761	335941122
6360	1269850256	-92	-1097	0x1404d054	45532	335859796
6390	1269852831	-84	-1323	0x14039c02	40120	335780866
6420	1269856098	-87	-495	0x1402cf3d	20402	335728445
6450	1269859040	-75	-911	0x14024b9d	21097	335694749
6480	1269862554	-40	-565	0x1401e93a	11032	335669562
6510	1269865334	-73	-903	0x1401807f	18790	335642751
6540	1269868391	-20	-728	0x14013049	12454	335622217
6570	1269871415	-47	-867	0x1400f5d6	9063	335607254
6600	1269874288	-79	-1042	0x1400c847	6320	335595591
6630	1269877473	-43	-756	0x14009d92	5087	335584658
6660	1269880797	-95	-793	0x140084fe	2980	335578366
6690	1269883895	-99	-817	0x136b16c4	971333	325785284
6720	1269886894	-78	-993	0x13578a61	713672	324504161
6750	1269889940	-50	-704	0x134404ac	638026	323224748
6780	1269892772	-64	-1013	0x13366c08	466209	322333704
6810	1269895727	-97	-1017	0x132b30c2	354878	321597634
6840	1269898682	-91	-850	0x13213185	360386	320942469
6870	1269901983	-16	-744	0x131c173f	164167	320608063
6900	1269904850	0	-989	0x131608da	212256	320211162
6930	1269907789	-87	-928	0x13117b85	149477	319912837
6960	1269910660	-84	-953	0x130db2f3	118391	319664883
6990	1269913858	-25	-716	0x130ae072	84398	319479922
7020	1269916925	-1	-787	0x1308cc27	77043	319343655
7050	1269919760	-66	-864	0x1306e537	73480	319218999
7080	1269922669	-26	-958	0x13056c12	56361	319122450
7110	1269925980	-41	-699	0x130479af	30868	319060399
7140	1269928948	-69	-953	0x1303ae4a	28217	319008330
7170	1269932075	-86	-756	0x1302f1d7	18771	318960087
7200	1269935281	-68	-800	0x130268af	18777	318924975
7230	1269938511	-50	-850	0x1301fadd	15433	318896861
7260	1269941592	-49	-896	0x13019c15	13594	318872597
7290	1269944768	-24	-686	0x13014b44	11211	318851908
7320	1269947835	-76	-881	0x13010f11	8956	318836497
7350	1269950956	-76	-862	0x1300db56	7014	318823254
7380	1269953835	-9	-884	0x1300a9a6	7529	318810534
7410	1269956775	-65	-892	0x130088ad	4847	318802093
7440	1269959757	-82	-859	0x126bab3e	1022419	309046078
7470	1269962782	-66	-840	0x1255d8eb	800711	307615979
7500	1269965710	-44	-837	0x12430106	699125	306381062
7530	1269968649	-64	-979	0x1236d6ba	433348	305583802
7560	1269971666	-68	-880	0x122b0eb5	368063	304811701
7590	1269974817	-69	-628	0x12228a71	251347	304253553
7620	1269977850	-68	-816	0x121bc508	239214	303809800
7650	1269980959	-76	-786	0x1216c222	161138	303481378
7680	1269983903	-75	-946	0x1211e6c7	171647	303163079
7710	1269987046	-79	-807	0x120e8c3d	118103	302943293
7740	1269989846	-1	-964	0x120b65c8	114797	302736840
7770	1269992734	-67	-868	0x1208e9cf	81263	302574031
7800	1269995410	-27	-1243	0x1206e545	74805	302441797
7830	1269998386	-66	-937	0x12055a3c	50056	302340668
7860	1270001360	-64	-963	0x12043c04	38942	302267396
7890	1270004351	-49	-771	0x12035401	31038	302208001
7920	1270007323	-44	-899	0x1202aaa4	24067	302164644
7950	1270010471	-32	-782	0x1202233a	19364	302129978
7980	1270013373	-67	-812	0x1201af51	17517	302100305
8010	1270016476	-81	-682	0x12015dff	11651	302079487
8040	1270019428	-14	-879	0x12011673	10982	302061171
8070	1270022611	-64	-696	0x1200e0e6	6818	302047462
8100	1270025731	-30	-685	0x1200b75c	5215	302036828
8130	1270028837	-91	-729	0x1200951d	5175	302028061
8160	1270031935	-44	-717	0x11795dc5	8858238	293166533
8190	1270034776	-98	-918	0x115f9d73	960464	291478899
8220	1270037833	-16	-913	0x114c4bc6	653519	290212806
8250	1270040996	-22	-736	0x113d4390	512590	289227664
8280	1270044072	-53	-733	0x11316845	429480	288450629
8310	1270047206	-68	-867	0x11289e71	337708	287874673
8340	1270050272	-86	-880	0x1120d667	279318	287364711
8370	1270053305	-89	-808	0x111a0e4d	238433	286920269
8400	1270056404	-79	-873	0x11154642	164540	286606914
8430	1270059439	-99	-601	0x1110a04f	159071	286302287
8460	1270062396	-65	-942	0x110d8988	122042	286099848
8490	1270065409	-92	-803	0x110ad88b	86029	285923467
8520	1270068402	-28	-773	0x1108abee	68576	285780974
8550	1270071562	0	-568	0x1106c996	59628	285657494
8580	1270074671	-25	-704	0x11058afa	50849	285575930
8610	1270077709	-25	-802	0x11047c72	41091	285506674
8640	1270080728	-70	-875	0x11039c01	34611	285449217
8670	1270083853	-42	-738	0x1102e863	25025	285403235
8700	1270087001	-4	-589	0x11025ac0	20139	285366976
8730	1270090159	-36	-728	0x1101edd9	17934	285339097
8760	1270093179	-8	-846	0x1101905f	13363	285315167
8790	1270096030	-16	-1088	0x11013d9d	12722	285293981
8820	1270098997	-53	-848	0x1100f715	8593	285275925
8850	1270102061	-13	-753	0x1100c293	7926	285262483
8880	1270105315	-35	-885	0x1100a75e	3828	285255518
8910	1270108325	-17	-896	0x11008666	3769	285247078
8940	1270111288	-75	-1045	0x106acc10	933190	275434512
8970	1270114292	-83	-916	0x10532218	751915	273883672
9000	1270117280	-4	-947	0x1041c7db	681072	272746459
9030	1270120203	-21	-830	0x10337522	558244	271807778
9060	1270123196	-79	-900	0x102a0874	346464	271190132
9090	1270126478	-14	-647	0x1021ce8a	268731	270651018
9120	1270129304	-62	-1022	0x101b3412	273955	270218258
9150	1270132262	-69	-913	0x101575d6	185500	269841878
9180	1270134972	-75	-1095	0x1010afef	167655	269529071
9210	1270137833	-12	-805	0x100c99ee	123681	269261294
9240	1270141073	-73	-661	0x100a2f51	79070	269102929
9270	1270144075	-29	-984	0x10086108	71446	268984584
9300	1270147060	-35	-818	0x10069155	60040	268865877
9330	1270150023	-53	-829	0x10053929	51788	268777769
9360	1270153211	-92	-791	0x100445a1	32445	268715425
9390	1270156147	-43	-804	0x10035796	33981	268654486
9420	1270159072	-27	-758	0x1002a90a	25009	268609802
9450	1270161986	-68	-929	0x1002168b	22849	268572299
9480	1270165057	-98	-836	0x1001b422	12593	268547106
9510	1270167947	-71	-969	0x1001540f	13301	268522511
9540	1270170911	-15	-855	0x10010a59	10509	268503641
9570	1270173721	-10	-903	0x1000d00d	8132	268488717
9600	1270176703	-37	-977	0x1000a5b5	5768	268477877
9630	1270179805	-25	-775	0x10008582	4464	268469634
9660	1270182801	-92	-890	0x0f691b6a	1027800	258546538
9690	1270185896	-22	-914	0x0f557a42	720988	257260098
9720	1270189005	-17	-711	0x0f450d98	559618	256183704
9750	1270192036	-32	-857	0x0f37405c	542298	255279196
9780	1270195097	-60	-792	0x0f2c68ba	367664	254568634
9810	1270198069	-48	-926	0x0f23e089	275175	254009481
9840	1270201176	-42	-845	0x0f1c4bd4	283037	253512660
9870	1270203929	-88	-964	0x0f1664bf	240356	253125823
9900	1270206629	-68	-1006	0x0f1121bc	170830	252780988
9930	1270209719	-7	-840	0x0f0d6dd6	115864	252538326
9960	1270212741	-6	-936	0x0f0ae67d	93199	252372605
9990	1270215854	-91	-758	0x0f08b5d2	75681	252229074
10020	1270218454	-81	-977	0x0f06b570	76154	252097904
10050	1270221356	-37	-869	0x0f052947	51852	251996487
10080	1270224506	-52	-806	0x0f042dad	37522	251932077
10110	1270227585	-67	-725	0x0f035d38	26333	251878712
10140	1270230789	-24	-822	0x0f02cad4	20342	251841236
10170	1270233960	-2	-653	0x0f023928	21147	251803944
10200	1270236951	-2	-832	0x0f01cfca	16481	251776970
10230	1270239945	-69	-790	0x0f017405	11787	251753477
10260	1270243022	-25	-807	0x0f012c41	8421	251735105
10290	1270245981	-19	-955	0x0f00ecb2	8767	251718834
10320	1270248983	-29	-806	0x0f00bafe	7354	251706110
10350	1270252044	-77	-813	0x0f009862	5055	251697250
10380	1270255297	-8	-605	0x0e7addaa	8760160	242933162
10410	1270258226	-89	-917	0x0e6380f7	921564	241402103
10440	1270261451	-28	-666	0x0e50bb6d	643678	240171885
10470	1270264472	-27	-811	0x0e410d05	614833	239144197
10500	1270267554	-100	-724	0x0e340efd	457837	238292733
10530	1270270485	-82	-930	0x0e29c17b	409084	237617531
10560	1270273749	-47	-773	0x0e223728	242468	237123368
10590	1270276808	-3	-828	0x0e1bd543	245944	236705091
10620	1270279900	-32	-766	0x0e166c7a	189784	236350586
10650	1270282963	-96	-918	0x0e124659	143480	236078681
10680	1270286051	-40	-895	0x0e0ea811	109240	235841553
10710	1270288745	-79	-1098	0x0e0b34f9	138225	235615481
10740	1270292270	-60	-481	0x0e0969b4	42143	235497908
10770	1270295495	-99	-849	0x0e07f2ad	58346	235401901
10800	1270298415	-97	-881	0x0e063fce	57094	235290574
10830	1270301248	-95	-891	0x0e04e5b5	41696	235201973
10860	1270304045	-51	-907	0x0e03bd1c	37672	235126044
10890	1270306795	-23	-893	0x0e02d627	30744	235066919
10920	1270309940	-6	-838	0x0e024b9e	21220	235031454
10950	1270313086	-81	-888	0x0e01e634	14659	235005492
10980	1270316049	-26	-880	0x0e017b1d	16923	234978077
11010	1270319139	-57	-806	0x0e01336c	11581	234959724
11040	1270322051	-19	-787	0x0e00f24e	9779	234943054
11070	1270325472	-78	-780	0x0e00d176	3835	234934646
11100	1270328631	-99	-770	0x0e00a764	5588	234923876
11130	1270331505	-43	-834	0x0e008487	5183	234914951
11160	1270334475	-94	-933	0x0d6963cf	924980	225010639
11190	1270337552	-42	-926	0x0d553b50	675330	223689552
11220	1270340486	-44	-932	0x0d435fcc	577223	222519244
11250	1270343793	-69	-659	0x0d375266	326070	221729382
11280	1270346833	-12	-651	0x0d2c07e5	420044	220989413
11310	1270350162	-44	-780	0x0d24f8ff	267595	220526847
11340	1270353030	-88	-1028	0x0d1d6261	318685	220029537
11370	1270356250	-61	-623	0x0d17e17c	161580	219668860
11400	1270358862	-9	-1081	0x0d1234e1	229833	219296993
11430	1270361937	0	-723	0x0d0e3d33	137388	219036979
11460	1270364719	-28	-1067	0x0d0b3c19	126208	218840089
11490	1270367687	-72	-922	0x0d08dc60	83539	218684512
11520	1270370417	-100	-925	0x0d06d13b	75544	218550587
11550	1270373443	-60	-970	0x0d05839c	43737	218465180
11580	1270376781	-32	-795	0x0d04805b	34024	218398811
11610	1270380037	-66	-648	0x0d03bd1b	25863	218348827
11640	1270383116	-24	-728	0x0d0306bd	25757	218302141
11670	1270386259	-65	-869	0x0d027a3c	20907	218266172
11700	1270389330	-56	-723	0x0d01fba4	15046	218233764
11730	1270392200	-42	-1021	0x0d0196bb	14529	218207931
11760	1270394915	-66	-1120	0x0d013990	12030	218184080
11790	1270397924	-55	-783	0x0d00f11f	9611	218165535
11820	1270400815	-47	-840	0x0d00be24	7597	218152484
11850	1270403746	-95	-954	0x0d009873	4976	218142835
11880	1270406687	-24	-828	0x0c768d70	9042432	209096048
11910	1270409700	-18	-688	0x0c5de404	799568	207479812
11940	1270412623	-8	-875	0x0c4af2f0	692400	206238448
11970	1270415652	0	-759	0x0c3ad1e5	507400	205181413
12000	1270418663	-15	-872	0x0c2fe0e7	351507	204464359
12030	1270421847	-53	-807	0x0c27925d	236765	203919965
12060	1270424446	-100	-966	0x0c1d4200	382913	203244032
12090	1270427665	-65	-706	0x0c17d067	190919	202887271
12120	1270430701	-78	-848	0x0c13bd53	128554	202620243
12150	1270433651	-24	-915	0x0c0f4483	148657	202327171
12180	1270436706	-85	-867	0x0c0c2532	118994	202122546
12210	1270439595	-5	-1042	0x0c09b53b	94055	201962811
12240	1270442644	-90	-860	0x0c07bfe4	61011	201834468
12270	1270445494	-45	-957	0x0c0602f3	66183	201720563
12300	1270448523	-93	-744	0x0c04b6dc	45518	201635548
12330	1270451588	-10	-744	0x0c03de75	29861	201580149
12360	1270454483	-96	-937	0x0c0311e3	26190	201527779
12390	1270457601	-76	-775	0x0c026e15	20677	201485845
12420	1270460958	-13	-528	0x0c020c04	9953	201460740
12450	1270464032	-42	-860	0x0c01afb9	12906	201437113
12480	1270466736	-60	-1016	0x0c01472e	14696	201410350
12510	1270469812	-96	-842	0x0c010512	9077	201393426
12540	1270472620	-10	-830	0x0c00c7a7	9078	201377703
12570	1270475703	-18	-917	0x0c00a3e8	4833	201368552
12600	1270478508	-63	-883	0x0b7cbcc5	8640115	192724165
12630	1270481555	-49	-837	0x0b65b2b8	836827	191214264
12660	1270484673	-87	-891	0x0b52bdca	673333	189971914
12690	1270487603	-85	-810	0x0b4041d9	685339	188760537
12720	1270490827	-60	-706	0x0b353e49	370611	188038729
12750	1270493711	-43	-867	0x0b298cc6	435543	187272390
12780	1270496699	-72	-929	0x0b21578c	302690	186734476
12810	1270499656	-41	-805	0x0b1a2f4a	244548	186265418
12840	1270502501	-91	-830	0x0b147e7c	216668	185892476
12870	1270505493	-7	-782	0x0b101a8a	170188	185604746
12900	1270508832	-40	-643	0x0b0d4611	104054	185419281
12930	1270511696	-90	-943	0x0b0ac868	104973	185256040
12960	1270514550	-74	-827	0x0b085a70	81047	185096816
12990	1270517492	-66	-726	0x0b066cb7	70628	184970423
13020	1270520326	-35	-921	0x0b051d3c	54756	184884540
13050	1270523739	-47	-664	0x0b044e11	23988	184831505
13080	1270526675	-63	-898	0x0b036983	33335	184772995
13110	1270529435	-84	-1039	0x0b02a93f	28426	184723775
13140	1270532515	-22	-851	0x0b02181c	20427	184686620
13170	1270535419	-97	-921	0x0b01aca1	15637	184659105
13200	1270538482	-48	-876	0x0b015873	10887	184637555
13230	1270541433	-62	-889	0x0b0113a7	8695	184619943
13260	1270544581	-20	-726	0x0b00daf2	6797	184605426
13290	1270547472	-3	-805	0x0b00aa08	7559	184592904
13320	1270550556	-17	-851	0x0b008b57	4053	184585047
13350	1270553599	-21	-821	0x0a7041ea	877024	175129066
13380	1270556486	-53	-813	0x0a57773d	851671	173504317
13410	1270559329	-98	-1003	0x0a461437	587496	172364855
13440	1270562140	-75	-1111	0x0a362059	532833	171319385
13470	1270565010	-35	-863	0x0a28a17e	436862	170434942
13500	1270568131	-24	-648	0x0a2123d2	255395	169944018
13530	1270571251	-73	-936	0x0a1b7f41	208134	169574209
13560	1270574609	-7	-505	0x0a161f1b	164078	169221915
13590	1270577647	-27	-840	0x0a120858	159084	168953944
13620	1270580567	-96	-980	0x0a0e930f	124278	168727311
13650	1270583543	-83	-997	0x0a0b7f75	113744	168525685
13680	1270586355	-93	-950	0x0a0912e4	78929	168366820
13710	1270589531	-54	-715	0x0a0718be	58936	168237246
13740	1270592650	-18	-811	0x0a05d485	49279	168154245
13770	1270595582	-84	-774	0x0a049a23	45324	168073763
13800	1270598974	-50	-640	0x0a03d368	28125	168022888
13830	1270602165	-53	-820	0x0a033ded	23311	167984621
13860	1270605162	-36	-783	0x0a0285ec	25948	167937516
13890	1270608072	-63	-773	0x0a02014c	20112	167903564
13920	1270611141	0	-715	0x0a0196d7	14996	167876311
13950	1270613975	-70	-711	0x0a013f4a	13287	167853898
13980	1270617090	-90	-800	0x0a010718	7419	167839512
14010	1270620165	-56	-815	0x0a00d1dd	7249	167825885
14040	1270623354	-44	-794	0x0a00abd9	5219	167816153
14070	1270626690	-16	-623	0x0a008f63	4048	167808867
14100	1270629698	-92	-894	0x0975168f	9137448	158668431
14130	1270632913	-2	-650	0x095da0dd	724007	157130973
14160	1270636142	-37	-623	0x094e05fd	546746	156108285
14190	1270639054	-95	-766	0x093d88c7	611930	155027655
14220	1270642043	-49	-857	0x0931018e	486395	154206606
14250	1270645098	-38	-888	0x0927ecfe	316853	153611518
14280	1270647858	-93	-992	0x091eb508	333468	153007368
14310	1270650656	-7	-891	0x0917c000	217420	152551424
14340	1270653674	-61	-854	0x09129751	178082	152213329
14370	1270656758	-87	-911	0x090f5d24	111531	152001828
14400	1270659528	-54	-1054	0x090be1a3	121548	151773603
14430	1270662452	-44	-750	0x0908faee	97694	151583470
14460	1270665352	-81	-873	0x090733b8	66806	151466936
14490	1270668388	-10	-839	0x0905c2ae	46525	151372462
14520	1270671461	-59	-984	0x0904b172	34724	151302514
14550	1270674474	-98	-919	0x0903c8e7	27549	151242983
14580	1270677636	-85	-777	0x09030241	22348	151192129
14610	1270680912	-9	-689	0x09027fbf	16372	151158719
14640	1270683714	-21	-1012	0x0901f270	20411	151122544
14670	1270686825	-12	-879	0x090194a8	11941	151098536
14700	1270689529	-10	-959	0x090132f7	13795	151073527
14730	1270692773	-22	-563	0x0900f456	8828	151057494
14760	1270695976	-12	-694	0x0900cee3	6180	151047907
14790	1270698968	-2	-816	0x0900a2bc	7218	151036604
14820	1270701996	-64	-921	0x09008641	4062	151029313
14850	1270704924	-74	-887	0x0867d7d3	1083650	141023187
14880	1270708012	-46	-870	0x08538ca7	826224	139693223
14910	1270711095	-1	-910	0x0843f59b	606425	138671515
14940	1270714064	-51	-822	0x0835d5a9	496927	137745833
14970	1270717023	-46	-858	0x082a62e6	422418	136995558
15000	1270719768	-18	-1106	0x08212c6b	393263	136391787
15030	1270722471	-5	-1008	0x081922e5	295239	135865061
15060	1270725462	-11	-675	0x08133687	205402	135476871
15090	1270728401	-78	-867	0x080fe821	132370	135260193
15120	1270731212	-84	-1130	0x080c5d7b	137462	135028091
15150	1270734434	-40	-766	0x0809f5e8	71262	134870504
15180	1270737427	-32	-867	0x0807f34e	66867	134738766
15210	1270740397	-66	-872	0x0806447a	61735	134628474
15240	1270743470	-45	-772	0x0805024c	47012	134545996
15270	1270746650	-77	-847	0x0804227f	35064	134488703
15300	1270749386	-28	-886	0x0803330f	34286	134427407
15330	1270752294	-80	-1008	0x08028907	23199	134383879
15360	1270755197	-34	-922	0x0801f5be	20793	134346174
15390	1270758041	-56	-989	0x080189e1	14341	134318561
15420	1270761279	-3	-702	0x08013f2c	8884	134299436
15450	1270764081	-79	-1033	0x0800fc13	10562	134282259
15480	1270766993	-52	-981	0x0800c76f	6672	134268783
15510	1270770048	-38	-830	0x08009dee	5107	134258158
15540	1270772757	-23	-914	0x0779b962	8836057	125417826
15570	1270775800	-36	-791	0x075f6832	812026	123693106
15600	1270778701	-40	-864	0x074b22a6	757701	122364582
15630	1270781779	-89	-761	0x073c878b	533591	121407371
15660	1270784595	-27	-883	0x072edd36	525358	120511798
15690	1270787529	-44	-921	0x07252c53	337541	119876691
15720	1270790559	-41	-857	0x071d8ee8	276726	119377640
15750	1270793392	-29	-962	0x071742bf	236801	118964927
15780	1270796431	-24	-870	0x07127675	160570	118650485
15810	1270799401	-84	-800	0x070ea925	132046	118401317
15840	1270802158	-75	-1001	0x070b8720	113980	118196000
15870	1270805253	-88	-675	0x0708edcd	83060	118025677
15900	1270808355	-22	-838	0x0707635d	62273	117924701
15930	1270811249	-72	-971	0x0705e781	50604	117827457
15960	1270814365	-32	-801	0x0704b26a	40227	117748330
15990	1270817119	-65	-922	0x07039adf	40376	117676767
16020	1270820173	-94	-881	0x0702ee32	22282	117632562
16050	1270823069	-54	-859	0x07024551	22414	117589329
16080	1270826291	-46	-745	0x0701dd6a	12266	117562730
16110	1270829307	-51	-830	0x07017f05	12552	117538565
16140	1270832543	-20	-806	0x07013bf1	8030	117521393
16170	1270835544	-90	-776	0x0700f8cb	9624	117504203
16200	1270838389	-38	-773	0x0700c10a	8940	117489930
16230	1270841285	-18	-879	0x070098e4	6034	117479652
16260	1270844124	-84	-952	0x067886bb	8913482	108562107
16290	1270847038	-70	-873	0x065eac39	898711	106867769
16320	1270850279	-87	-673	0x064bf7c0	659368	105641920
16350	1270853229	-45	-1072	0x063e6ef2	581489	104754930
16380	1270856098	-43	-964	0x06307627	490033	103839271
16410	1270859491	-43	-744	0x06282ea9	249933	103296681
16440	1270862414	-57	-950	0x062052ec	290046	102781676
16470	1270865458	-97	-855	0x0619808d	247823	102334605
16500	1270868547	-18	-779	0x061488d1	174923	102009041
16530	1270871789	-60	-738	0x0610fa58	113439	101775960
16560	1270874839	-43	-907	0x060ddce0	119541	101571808
16590	1270878055	-7	-636	0x060b0581	95808	101385601
16620	1270881236	-81	-729	0x060933c2	71177	101266370
16650	1270884373	-22	-951	0x060799d1	59466	101161425
16680	1270887226	-96	-724	0x0605ccbf	63596	101043391
16710	1270890476	-35	-664	0x0604c3c7	38416	100975559
16740	1270893543	-82	-812	0x0603e656	33343	100918870
16770	1270896453	-96	-931	0x06031f3e	27793	100867902
16800	1270899346	-20	-906	0x06026883	24460	100821123
16830	1270902443	-84	-860	0x0601f362	16153	100791138
16860	1270905528	-52	-789	0x06019037	13898	100765751
16890	1270908535	-9	-750	0x06013f7e	11407	100745086
16920	1270911683	-53	-845	0x06010641	8434	100730433
16950	1270914815	-98	-702	0x0600d3ee	6851	100717550
16980	1270917652	-28	-870	0x0600a46b	6665	100705387
17010	1270920502	-83	-929	0x06008141	5683	100696385
17040	1270923173	-73	-1083	0x0561c2ec	1277744	90292972
17070	1270925969	-79	-1071	0x054c3995	777184	88881557
17100	1270928834	-36	-929	0x053a5044	654377	87707716
17130	1270931667	-42	-865	0x052d96df	446223	86873823
17160	1270934364	-88	-1108	0x05233298	393084	86192792
17190	1270937432	-2	-803	0x051baaa5	254156	85699237
17220	1270940667	-16	-541	0x05169859	189129	85366873
17250	1270943928	-26	-686	0x0512ba79	170207	85113465
17280	1270946854	-20	-945	0x050f2563	145999	84878691
17310	1270949840	-88	-791	0x050bf90e	107998	84670734
17340	1270952815	-85	-946	0x0509a527	82961	84518183
17370	1270955821	-11	-836	0x05079e0f	59067	84385295
17400	1270958683	-83	-1067	0x05061716	54235	84285206
17430	1270962038	-15	-630	0x0504dd79	35427	84204921
17460	1270965190	-18	-749	0x05040fa9	29120	84152233
17490	1270968314	-19	-765	0x05034ff7	24561	84103159
17520	1270971173	-54	-987	0x050296b0	24995	84055728
17550	1270973966	-56	-896	0x0501fcd4	21150	84016340
17580	1270977358	-13	-751	0x0501abe8	10320	83995624
17610	1270980343	-6	-724	0x05014e6b	14103	83971691
17640	1270983223	-7	-911	0x05010aa3	10719	83954339
17670	1270986392	-6	-798	0x0500d970	6475	83941744
17700	1270989461	-10	-784	0x0500b0d4	5445	83931348
17730	1270992411	-51	-947	0x05008bdd	4933	83921885
17760	1270995216	-56	-937	0x046d21e7	997938	74260967
17790	1270998336	-69	-716	0x045643ca	768712	72762314
17820	1271001383	-43	-802	0x0445a91b	611585	71674139
17850	1271004469	-83	-699	0x04388a48	442623	70814280
17880	1271007551	-76	-776	0x042d6d1e	374341	70085918
17910	1271010529	-60	-912	0x04244f1a	352587	69488410
17940	1271013443	-27	-998	0x041caed0	285177	68988624
17970	1271016487	-47	-934	0x0417615a	170444	68641114
18000	1271019663	-7	-660	0x04125aad	170256	68311725
18030	1271022656	-48	-799	0x040f01a9	122437	68092329
18060	1271025378	-30	-1027	0x040b8a7f	118166	67865215
18090	1271028650	-57	-713	0x04095f78	64731	67723128
18120	1271031634	-8	-871	0x04078036	66163	67600438
18150	1271034908	-72	-656	0x040627fb	44749	67512315
18180	1271037759	-54	-1016	0x0404e9c3	49944	67430851
18210	1271040437	-31	-1091	0x0403b5e2	43567	67352034
18240	1271043440	-25	-842	0x0402f99c	20574	67303836
18270	1271046415	-95	-937	0x04025feb	17823	67264491
18300	1271049512	-71	-802	0x0401e0eb	14606	67231979
18330	1271052819	-11	-684	0x04018d2b	10431	67210539
18360	1271055683	-33	-923	0x04013b64	12342	67189604
18390	1271058496	-99	-832	0x0400efe5	10671	67170277
18420	1271061629	-100	-782	0x0400c4f9	6374	67159289
18450	1271064756	-42	-772	0x0400a0ff	4243	67150079
18480	1271067771	-43	-862	0x040080b7	4260	67141815
18510	1271070715	-75	-1005	0x0366f6da	929719	57079514
18540	1271073825	-34	-717	0x035102f4	691368	55640820
18570	1271076944	-39	-803	0x034270bc	491374	54685884
18600	1271079837	-76	-948	0x03347da2	467421	53771682
18630	1271082612	-83	-1055	0x0328b842	434446	53000258
18660	1271085911	-58	-692	0x03212474	193756	52503668
18690	1271088941	-33	-817	0x031ae284	221136	52093572
18720	1271091648	-73	-1035	0x03146ca0	234564	51670176
18750	1271094636	-41	-819	0x030feab0	161005	51374768
18780	1271097700	-66	-864	0x030cafc0	115418	51163072
18810	1271100677	-77	-853	0x030a1546	98409	50992454
18840	1271103851	-34	-749	0x03082b7f	68369	50867071
18870	1271106927	-1	-727	0x030674c2	63434	50754754
18900	1271109908	-76	-875	0x03053056	45506	50671702
18930	1271112863	-27	-825	0x03040104	42939	50594052
18960	1271115895	-37	-864	0x03033c18	24717	50543640
18990	1271118883	-34	-795	0x03027940	22827	50493760
19020	1271121851	-51	-902	0x0301e902	20970	50456834
19050	1271124681	-97	-973	0x030173e0	16049	50426848
19080	1271127735	-22	-709	0x03010c97	13491	50400407
19110	1271130893	-20	-859	0x0300d813	7475	50386963
19140	1271134011	-94	-887	0x03009fd7	6621	50372567
19170	1271136694	-87	-1085	0x026ed000	9550393	40816640
19200	1271139525	-38	-855	0x024a6800	1039872	38430720
19230	1271142412	-43	-1030	0x022d6900	741120	36530432
19260	1271145281	-83	-1087	0x02125200	1269248	34755072
19290	1271148441	-75	-792	0x00000000	34161408	0
19320	1271151048	-81	-1125	0x00000000	0	0
19350	1271154295	-69	-725	0x00000000	0	0
19380	1271157313	-95	-814	0x00000000	0	0
19410	1271160300	-43	-722	0x00000000	0	0
19440	1271163497	-88	-748	0x00000000	0	0
19470	1271166848	-15	-583	0x00000000	0	0
19500	1271169887	-15	-830	0x00000000	0	0
19530	1271173184	-87	-672	0x00000000	0	0
19560	1271176201	-53	-779	0x00000000	0	0
19590	1271179169	-40	-818	0x00000000	0	0
19620	1271181943	-83	-862	0x00000000	0	0
19650	1271185113	-25	-627	0x00000000	0	0
19680	1271187925	-19	-884	0x00000000	0	0
19710	1271191009	-41	-835	0x00000000	0	0
19740	1271194019	-9	-841	0x00000000	0	0
19770	1271196799	-13	-1008	0x00000000	0	0
19800	1271199980	-22	-642	0x00000000	0	0
19830	1271202674	-95	-1069	0x00000000	0	0
19860	1271205798	-93	-740	0x00000000	0	0
19890	1271208926	-19	-778	0x00000000	0	0
19920	1271212368	-14	-550	0x00000000	0	0
19950	1271215446	-40	-822	0x00000000	0	0
19980	1271218180	-18	-1016	0x00000000	0	0
