nHeight	timeStamp	与每块标准出块时间差值	与每17块标准时间差值	nBits 16hex	每块难度差值	nBits
0	1269211443	0	0	0x1c7fffff	0	478150655
30	1269217415	93	940	0x1d008d90	4286542447	486575504
60	1269223298	80	853	0x1d00b757	4294961296	486586199
90	1269229088	29	901	0x1d00e0f1	4294961183	486596849
120	1269235301	58	1089	0x1d012fb4	4294955794	486617012
150	1269241400	7	738	0x1d01acc4	4294948800	486649028
180	1269247356	76	851	0x1d022450	4294946717	486679632
210	1269253260	2	777	0x1d02c1c5	4294942395	486719941
240	1269259485	72	1138	0x1d03a088	4294927975	486776968
270	1269265542	69	968	0x1d04cfa3	4294924711	486854563
300	1269271710	58	969	0x1d06a737	4294894376	486975287
330	1269277879	59	1044	0x1d08ad86	4294884196	487107974
360	1269283703	54	802	0x1d0b7460	4294867511	487289952
390	1269289606	55	737	0x1d0e8ab1	4294845119	487492273
420	1269295563	72	802	0x1d130b47	4294785462	487787335
450	1269301344	49	762	0x1d182380	4294763745	488121216
480	1269307315	15	763	0x1d1fba80	4294632789	488618624
510	1269313470	24	1046	0x1d291a2a	4294568109	489232938
540	1269319430	71	873	0x1d35cbd1	4294497685	490064849
570	1269325478	89	797	0x1d48b215	4294197475	491303445
600	1269331305	80	737	0x1d5b9cd4	4294190991	492543188
630	1269337459	58	977	0x1d78a044	4293753036	494444612
660	1269343367	40	726	0x1e009ec4	4294961920	503357124
690	1269349343	84	829	0x1e00cfec	4294959281	503369708
720	1269355430	40	965	0x1e010ea5	4294957076	503385765
750	1269361469	83	825	0x1e0169fc	4294954054	503409148
780	1269367366	72	797	0x1e01d244	4294951141	503435844
810	1269373229	34	794	0x1e024f8d	4294948039	503467917
840	1269378804	40	597	0x1e02dc92	4294948862	503504018
870	1269384853	96	836	0x1e03b343	4294934794	503558979
900	1269390846	14	955	0x1e04cbc3	4294924696	503630787
930	1269396936	12	764	0x1e069096	4294896708	503746710
960	1269403098	17	1047	0x1e088a2b	4294885288	503876139
990	1269409026	10	833	0x1e0b6439	4294861260	504063033
1020	1269415199	98	984	0x1e0ef380	4294822419	504296320
1050	1269421230	22	947	0x1e13dce6	4294781418	504618214
1080	1269426916	26	570	0x1e194f4a	4294777772	504975178
1110	1269432779	31	763	0x1e1fe0f1	4294698483	505405681
1140	1269438669	34	795	0x1e297b97	4294577084	506035095
1170	1269444859	13	868	0x1e36a6e3	4294378806	506898147
1200	1269450729	7	829	0x1e46c2d8	4294412741	507953880
1230	1269456608	29	780	0x1e5b2f0c	4294242233	509292300
1260	1269462390	78	655	0x1e75084f	4293997161	510986319
1290	1269468512	91	1060	0x1f009627	4286459247	520132135
1320	1269474397	47	823	0x1f00c5f4	4294960280	520144372
1350	1269480149	9	677	0x1f00fc16	4294959011	520158230
1380	1269486002	17	697	0x1f013d5a	4294957393	520174938
1410	1269491838	22	662	0x1f0195c4	4294953445	520197572
1440	1269498115	62	1034	0x1f021d55	4294943101	520232277
1470	1269504186	36	844	0x1f02cdef	4294942358	520277487
1500	1269510094	99	756	0x1f03ac21	4294935337	520334369
1530	1269516133	28	821	0x1f04ce0d	4294922972	520408589
1560	1269522062	60	834	0x1f063f93	4294914266	520503187
1590	1269527951	34	803	0x1f080ed1	4294897430	520621777
1620	1269534185	91	1050	0x1f0a8da2	4294871373	520785314
1650	1269540031	34	786	0x1f0de025	4294855314	521003045
1680	1269546069	39	902	0x1f1213c4	4294808967	521278404
1710	1269552029	19	828	0x1f17ef05	4294737588	521662213
1740	1269558049	36	888	0x1f1ed85e	4294716458	522115166
1770	1269563642	29	597	0x1f26a374	4294714953	522625908
1800	1269569502	6	799	0x1f3114ba	4294556257	523310266
1830	1269575361	49	823	0x1f3e625b	4294457095	524182107
1860	1269581307	18	793	0x1f50f32e	4294199451	525398830
1890	1269587431	21	830	0x1f6b1a65	4293937332	527112805
1920	1269593149	83	751	0x200087dc	4286019088	536905692
1950	1269599283	86	935	0x2000b265	4294960323	536916581
1980	1269605346	75	849	0x2000eef3	4294958431	536932083
2010	1269611544	53	1124	0x200138a4	4294955371	536950948
2040	1269617348	41	688	0x20019d00	4294954721	536976640
2070	1269623327	94	869	0x200218fc	4294947227	537008380
2100	1269629366	43	834	0x2002c33e	4294941101	537051966
2130	1269635048	30	476	0x20038b81	4294938999	537103233
2160	1269641032	35	727	0x20047a49	4294928148	537164361
2190	1269646963	3	753	0x2005c241	4294914721	537248321
2220	1269653113	100	951	0x20079bc6	4294894356	537369542
2250	1269659141	19	732	0x200a5853	4294857476	537548883
2280	1269665532	100	1174	0x200d9b26	4294826886	537762598
2310	1269671559	52	951	0x200f496c	42119	537872748
2340	1269677465	83	668	0x200efb93	67460	537852819
2370	1269683529	7	776	0x200f7019	13471	537882649
2400	1269689515	7	953	0x200f8291	4294894923	537887377
2430	1269695421	59	855	0x1f01ce16	17713545	520211990
2460	1269701336	71	804	0x200f0640	60473	537855552
2490	1269707193	65	756	0x2010169d	4294919542	537925277
2520	1269712842	95	575	0x200ee1c7	13202	537846215
2550	1269718938	91	938	0x200fd503	4294917678	537908483
2580	1269725005	75	1007	0x200088fc	964339	536905980
2610	1269730998	28	966	0x200fcdb0	4294930173	537906608
2640	1269737109	45	936	0x200fc996	41890	537905558
2670	1269742877	85	766	0x20102320	4294964722	537928480
2700	1269748844	48	839	0x200f5c73	4294949309	537877619
2730	1269754740	26	772	0x200f4152	32158	537870674
2760	1269760530	63	943	0x200fe3c7	4294958525	537912263
2790	1269766367	73	776	0x200f5301	6133	537875201
2820	1269772169	41	690	0x200f1bd0	47138	537861072
2850	1269777958	21	531	0x200ea095	90954	537829525
2880	1269784109	9	1029	0x20104fea	4277549645	537939946
2910	1269790096	55	705	0x201022be	4294923192	537928382
2940	1269796293	46	892	0x200fa1da	24277	537895386
2970	1269802120	20	801	0x20102271	4294941588	537928305
3000	1269808298	27	1079	0x200fba4a	4294910445	537901642
3030	1269814499	96	964	0x2010105e	4294924868	537923678
3060	1269820700	100	974	0x2010375d	4294940513	537933661
3090	1269826646	13	777	0x201015bd	4294923815	537925053
3120	1269832560	72	810	0x200fbe43	2204	537902659
3150	1269838408	1	789	0x200f7c4c	4277615061	537885772
3180	1269844282	92	850	0x200fb6ea	4294961973	537900778
3210	1269850373	33	762	0x200fff61	4277443965	537919329
3240	1269856220	35	749	0x200fd5e2	4294943704	537908706
3270	1269862296	9	952	0x2000ed94	928145	536931732
3300	1269868453	83	781	0x20102f64	4294918089	537931620
3330	1269874391	1	870	0x200ef3cc	83669	537850828
3360	1269880172	59	759	0x200f7b1c	3520	537885468
3390	1269886148	18	802	0x200f2f83	51862	537866115
3420	1269892086	94	869	0x20103859	4294922760	537933913
3450	1269898036	58	902	0x200f619c	4294948425	537878940
3480	1269904040	15	716	0x2010646d	4294957322	537945197
3510	1269910012	79	859	0x20103014	4294897816	537931796
3540	1269915862	1	726	0x200f3706	51487	537868038
3570	1269921964	47	865	0x20102c15	4280159076	537930773
3600	1269927962	95	924	0x200f4167	4294945186	537870695
3630	1269933879	87	1011	0x1f04c98b	17507663	520407435
3660	1269939829	93	942	0x200f140d	4294962324	537859085
3690	1269945811	20	749	0x200ef50f	67136	537851151
3720	1269951669	35	665	0x200fc4ea	38788	537904362
3750	1269957812	80	951	0x200f1051	62325	537858129
3780	1269964032	90	905	0x200f9d0a	4294966776	537894154
3810	1269970101	95	938	0x200fe45d	4294889850	537912413
3840	1269975989	100	806	0x200f7a0f	610	537885199
3870	1269981959	51	858	0x200ef504	68897	537851140
3900	1269987755	41	861	0x200f85f9	4294952772	537888249
3930	1269993807	26	798	0x200f119c	63056	537858460
3960	1269999724	20	770	0x200fbb56	21738	537901910
3990	1270005972	83	976	0x2010976f	4294941704	537958255
4020	1270012313	85	1042	0x20109e39	4294888260	537959993
4050	1270018311	16	738	0x200f06a8	42186	537855656
4080	1270024224	50	653	0x200ff284	4294924701	537916036
4110	1270030217	15	735	0x20101582	4294911376	537924994
4140	1270036501	49	1065	0x201041b3	4294949619	537936307
4170	1270042436	22	800	0x2000a7d2	973339	536913874
4200	1270048273	2	613	0x200fcc73	4294934110	537906291
4230	1270054384	82	959	0x200ea836	98112	537831478
4260	1270060232	14	730	0x201050e6	4294924039	537940198
4290	1270066331	75	882	0x201025e1	4294939469	537929185
4320	1270072078	5	554	0x200ee43e	28087	537846846
4350	1270077800	75	733	0x200f5779	29157	537876345
4380	1270083687	60	716	0x200f319b	35673	537866651
4410	1270089562	14	811	0x200fb486	4294917119	537900166
4440	1270095683	31	871	0x2010255d	5007	537929053
4470	1270101833	87	898	0x20101b97	4294931517	537926551
4500	1270107691	70	732	0x201003c6	4294917785	537920454
4530	1270113661	13	886	0x200fcf9a	4294938965	537907098
4560	1270119674	74	756	0x200fe919	32827	537913625
4590	1270125822	79	986	0x201040dd	7636	537936093
4620	1270131878	97	899	0x200fb66c	4294938086	537900652
4650	1270137970	56	856	0x200fcec6	4277660665	537906886
4680	1270143860	49	815	0x200ef439	68682	537850937
4710	1270149559	98	721	0x1f32902d	14465156	523407405
4740	1270155716	92	1013	0x201046a5	4294930035	537937573
4770	1270161684	74	889	0x200fe6d9	4294926389	537913049
4800	1270167846	24	910	0x200ffbcb	4294936431	537918411
4830	1270173768	97	828	0x200fca0a	35062	537905674
4860	1270179987	32	1036	0x200f4442	72506	537871426
4890	1270186109	19	888	0x201034da	4294901635	537933018
4920	1270192095	76	780	0x200ff2ad	4294943616	537916077
4950	1270198207	54	966	0x2000da91	947781	536926865
4980	1270204130	87	770	0x200fc892	4294928031	537905298
5010	1270210354	35	834	0x2010288b	4277561533	537929867
5040	1270216416	18	908	0x2010127d	4294920508	537924221
5070	1270222540	68	901	0x200f6e5a	4294946886	537882202
5100	1270228876	64	1090	0x200fa41c	17682	537895964
5130	1270235009	19	877	0x200f92df	4294942258	537891551
5160	1270241105	55	780	0x1f067fc5	5098139	520519621
5190	1270247036	18	791	0x200f79c1	4294911932	537885121
5220	1270252913	24	764	0x200f3470	68802	537867376
5250	1270259093	56	983	0x200f9dbb	4294963419	537894331
5280	1270265135	4	907	0x2010719b	4294929508	537948571
5310	1270270971	58	705	0x200f6edc	4294949767	537882332
5340	1270276708	36	733	0x200fe7ac	4293957785	537913260
5370	1270282587	31	946	0x200f7f06	4277326960	537886470
5400	1270288519	32	840	0x200eccf7	89447	537840887
5430	1270294461	88	859	0x200fe289	4294926936	537911945
5460	1270300376	65	780	0x200f4b92	14173	537873298
5490	1270306489	55	930	0x20102299	4294917350	537928345
5520	1270312442	48	797	0x200ec8f0	108886	537839856
5550	1270318524	60	979	0x200ff8bb	19101	537917627
5580	1270324908	60	976	0x200fac7a	3579	537898106
5610	1270330678	52	590	0x200f374a	54880	537868106
5640	1270336620	81	850	0x200fed21	4294936203	537914657
5670	1270342547	4	744	0x200fd7a4	4294953528	537909156
5700	1270348569	86	1028	0x200f6db2	4294933244	537882034
5730	1270354599	98	960	0x200f1b71	76130	537860977
5760	1270360458	92	847	0x20101aad	4294941953	537926317
5790	1270366448	9	844	0x200f3c93	55498	537869459
5820	1270372372	81	778	0x200fbe1a	4294950771	537902618
5850	1270378448	29	892	0x20103407	4266739862	537932807
5880	1270384303	80	740	0x200f676d	4294950566	537880429
5910	1270390063	55	712	0x200fc705	4294957086	537904901
5940	1270396256	93	1001	0x200ee0b9	87101	537845945
5970	1270402253	12	773	0x200f44da	39523	537871578
6000	1270408141	95	773	0x1f551dee	12200576	525671918
6030	1270414240	46	846	0x200f22bb	58754	537862843
6060	1270420312	0	869	0x20106155	4294902586	537944405
6090	1270426088	36	843	0x200fa676	4294909486	537896566
6120	1270432340	69	995	0x1f020e4e	17704924	520228430
6150	1270438380	52	879	0x200f6676	48688	537880182
6180	1270444340	98	810	0x200f18f1	49305	537860337
6210	1270450432	85	843	0x200ffb5c	4294873743	537918300
6240	1270456521	43	890	0x200f5048	11921	537874504
6270	1270462351	26	693	0x200f2be6	47815	537865190
6300	1270468317	21	902	0x200f6868	4293992336	537880680
6330	1270474326	54	798	0x200faf66	4294915900	537898854
6360	1270480487	77	969	0x201019c0	3640	537926080
6390	1270486473	40	851	0x2000a6d3	973048	536913619
6420	1270492379	46	814	0x200feefc	4294909826	537915132
6450	1270498283	30	902	0x200ddb59	4266455386	537779033
6480	1270504126	11	753	0x200fa712	4947	537896722
6510	1270509958	47	816	0x200ff80e	4294937337	537917454
6540	1270516005	23	736	0x200fc0d2	4294948590	537903314
6570	1270522135	65	969	0x200f897a	8930	537889146
6600	1270527803	36	725	0x200fadb5	1813	537898421
6630	1270533829	84	939	0x200f23e6	53311	537863142
6660	1270540204	98	1055	0x200f588f	29119	537876623
6690	1270546321	67	839	0x20104e10	4294868086	537939472
6720	1270552176	23	701	0x200fa412	4294942079	537895954
6750	1270558157	30	869	0x200eb6da	89010	537835226
6780	1270564315	99	996	0x2010211c	4294922934	537927964
6810	1270570361	74	780	0x200f4705	73154	537872133
6840	1270576520	44	1006	0x2000e850	961660	536930384
6870	1270582568	70	834	0x201012d2	4294907886	537924306
6900	1270588528	33	962	0x2010255e	4294886376	537929054
6930	1270594904	53	1030	0x200f731a	67932	537883418
6960	1270600793	3	744	0x200f2a6c	3431	537864812
6990	1270606924	62	890	0x2010015e	4294925614	537919838
7020	1270612659	23	747	0x200f1d13	4294962522	537861395
7050	1270618683	62	982	0x20102016	4294935843	537927702
7080	1270624552	50	635	0x200fa719	4294954028	537896729
7110	1270630742	66	911	0x2010601d	4294934538	537944093
7140	1270636828	23	996	0x20103525	4294935905	537933093
7170	1270643021	26	978	0x201002c9	4294938435	537920201
7200	1270649004	52	1015	0x1f00b215	17724978	520139285
7230	1270655323	78	982	0x200f892c	4294946887	537889068
7260	1270661475	20	815	0x2010312a	4294924574	537932074
7290	1270667440	69	903	0x200f791f	4277830966	537884959
7320	1270673409	41	772	0x200f22fc	62295	537862908
7350	1270679391	0	799	0x200ff783	4294927094	537917315
7380	1270685357	18	839	0x2010179c	4294898473	537925532
7410	1270691490	35	994	0x200f8a36	4294942529	537889334
7440	1270697465	35	949	0x201049a6	4294927938	537938342
7470	1270703551	32	898	0x200f76d3	4294941873	537884371
7500	1270709748	61	942	0x201020ca	4294965816	537927882
7530	1270715881	79	858	0x200ffcb7	4277627809	537918647
7560	1270722153	63	1058	0x2010954f	4294880748	537957711
7590	1270728201	14	864	0x200ffd21	4277509273	537918753
7620	1270733949	9	763	0x200f537f	4294952370	537875327
7650	1270740238	97	1011	0x200fc09a	4294962655	537903258
7680	1270746186	12	827	0x20102ac5	4294884441	537930437
7710	1270752435	37	1046	0x200fba62	1752	537901666
7740	1270758321	10	857	0x200fbd5c	4294923886	537902428
7770	1270764288	31	812	0x200e57b0	4294088555	537810864
7800	1270769965	28	476	0x200fd488	4294944688	537908360
7830	1270775760	58	656	0x1f076b88	17319805	520579976
7860	1270781648	63	767	0x200f9fca	4294881276	537894858
7890	1270787645	85	847	0x200ebd1a	4294052802	537836826
7920	1270793587	28	827	0x20100174	4294938022	537919860
7950	1270799316	61	647	0x20102646	4294947448	537929286
7980	1270805268	6	826	0x2010562a	4294931507	537941546
8010	1270811347	66	862	0x200f7f95	41414	537886613
8040	1270817395	90	971	0x20106a93	4294913114	537946771
8070	1270823473	42	903	0x200fe589	4294919332	537912713
8100	1270829582	37	856	0x200f50ca	12153	537874634
8130	1270835490	70	901	0x200ffdcd	4294948812	537918925
8160	1270840953	79	681	0x200fa502	4294924195	537896194
8190	1270847176	89	957	0x200f8b5e	22691	537889630
8220	1270853219	45	866	0x200f6771	4283560885	537880433
8250	1270859155	3	858	0x200f537a	4294939247	537875322
8280	1270865283	94	866	0x20106355	4294951618	537944917
8310	1270871373	76	974	0x200f66ab	4294966077	537880235
8340	1270877596	16	1023	0x200f9dc5	27403	537894341
8370	1270883545	64	753	0x200f5bf6	11884	537877494
8400	1270889588	82	928	0x20101b6d	4294933384	537926509
8430	1270895434	0	834	0x200f4a04	602	537872900
8460	1270901490	15	882	0x2010533c	4294930306	537940796
8490	1270907691	55	1107	0x200feba9	4294880412	537914281
8520	1270913656	67	785	0x200fd809	4294966895	537909257
8550	1270919859	12	983	0x200f9666	17643	537892454
8580	1270925752	10	685	0x200fd5d6	31607	537908694
8610	1270931957	97	1020	0x200f7ed2	13676	537886418
8640	1270937919	98	811	0x200f2379	70321	537863033
8670	1270943806	49	818	0x20100da8	4294949067	537922984
8700	1270949899	81	914	0x20100a6b	4294906712	537922155
8730	1270955942	29	888	0x200fc9cf	59246	537905615
8760	1270961837	18	903	0x200fe510	22743	537912592
8790	1270967594	57	731	0x200f5622	4294938927	537876002
8820	1270973668	28	931	0x200f4ea1	30738	537874081
8850	1270979684	65	964	0x200e8018	119573	537821208
8880	1270985585	70	727	0x200f1121	44618	537858337
8910	1270991404	14	724	0x200f7d9a	4294964504	537886106
8940	1270997548	62	904	0x200f56f9	37904	537876217
8970	1271003605	100	1063	0x200ff1af	4294937861	537915823
9000	1271009408	30	595	0x20100485	4294937458	537920645
9030	1271015202	47	757	0x200f8177	4294894383	537887095
9060	1271020902	20	645	0x20102ad0	4294936391	537930448
9090	1271027197	57	1061	0x200fbfe9	4294895543	537903081
9120	1271033224	93	868	0x2010435c	4294912877	537936732
9150	1271039349	20	901	0x200f42d0	72785	537871056
9180	1271045413	94	824	0x200f4517	35871	537871639
9210	1271051268	95	791	0x200f6e30	4294908189	537882160
9240	1271057276	13	1076	0x2010a331	4294912407	537961265
9270	1271063527	41	1005	0x1f10f8eb	16664039	521205995
9300	1271069730	63	940	0x2010a17b	4294881055	537960827
9330	1271075949	19	903	0x200f84ba	4294946285	537887930
9360	1271081766	14	795	0x200f33a1	4294009838	537867169
9390	1271087528	12	728	0x200e35e2	115652	537802210
9420	1271093602	76	852	0x201079c8	4294896233	537950664
9450	1271099687	28	844	0x20100230	4294889853	537920048
9480	1271105830	96	884	0x200f66b6	4294962746	537880246
9510	1271112117	20	1081	0x200fb489	12678	537900169
9540	1271118287	34	929	0x200fb2a2	21262	537899682
9570	1271124426	36	916	0x200f596a	4294002514	537876842
9600	1271130322	30	703	0x1f30a30f	14600547	523281167
9630	1271136386	13	972	0x20104570	4294907952	537937264
9660	1271142529	51	837	0x200fecd1	4294932963	537914577
9690	1271148435	14	915	0x20105437	4294936426	537941047
9720	1271154574	99	1030	0x200fd8cb	4294910078	537909451
9750	1271160431	2	854	0x200f3f6c	15470	537870188
9780	1271166433	48	817	0x200f1c14	48049	537861140
9810	1271172202	83	769	0x201016c3	4294938683	537925315
9840	1271178282	55	825	0x200f846d	4294953747	537887853
9870	1271184433	50	1024	0x200ec5a1	4294053377	537839009
9900	1271190525	91	916	0x200f4685	45819	537872005
9930	1271196494	8	727	0x200f2608	45669	537863688
9960	1271202769	54	900	0x2010a5e5	4294926244	537961957
9990	1271208906	51	858	0x20105b6e	4294959697	537942894
10020	1271214968	88	922	0x200f8e59	4294933817	537890393
10050	1271221113	46	878	0x201034f6	12939	537933046
10080	1271226957	73	758	0x200f711c	7008	537882908
10110	1271232903	9	816	0x200f5414	35227	537875476
10140	1271238849	72	761	0x200eb994	84359	537835924
10170	1271244911	83	954	0x20102c91	4294917432	537930897
10200	1271250896	76	906	0x200f67dc	52805	537880540
10230	1271256743	0	756	0x200fa3fc	4294959726	537895932
10260	1271262775	76	879	0x200f1bda	71642	537861082
10290	1271268486	37	648	0x200f917d	4294952367	537891197
10320	1271274710	29	873	0x200f48c5	48165	537872581
10350	1271280647	60	745	0x20103d33	4294946474	537935155
10380	1271286547	55	784	0x2010151f	4294957856	537924895
10410	1271292732	49	994	0x200f97b9	50690	537892793
10440	1271298620	30	790	0x200f800d	16533	537886733
10470	1271304802	69	826	0x200f8ae2	8036	537889506
10500	1271310661	98	749	0x200f4828	4721	537872424
10530	1271316673	70	890	0x200ede6a	69654	537845354
10560	1271322804	86	960	0x20105aa8	4294955653	537942696
10590	1271328668	29	792	0x200f458c	4294965811	537871756
10620	1271334968	24	963	0x200fb8a1	12062	537901217
10650	1271341032	91	800	0x200f5b76	38211	537877366
10680	1271347007	36	832	0x200ed27d	85994	537842301
10710	1271353267	56	1051	0x200f9399	11517	537891737
10740	1271359295	11	770	0x200f5b46	41224	537877318
10770	1271365291	16	777	0x200e848d	109621	537822349
10800	1271371438	89	925	0x20100a11	4294932380	537922065
10830	1271377379	51	788	0x200f690d	61696	537880845
10860	1271383644	73	1131	0x200fa2fe	10803	537895678
10890	1271389703	32	952	0x2010552c	4294885570	537941292
10920	1271395748	83	826	0x200f3f4e	69800	537870158
10950	1271401676	47	761	0x20102049	4294925988	537927753
10980	1271407302	9	615	0x200f4101	4294932900	537870593
11010	1271413190	31	984	0x1f1015cb	16714663	521147851
11040	1271418835	7	719	0x200fe456	4294956219	537912406
11070	1271424866	91	860	0x1f0a9994	17068220	520788372
11100	1271430592	57	515	0x200ec8b2	88244	537839794
11130	1271436756	41	1076	0x20103420	4294933437	537932832
11160	1271442876	21	743	0x200f55c3	32331	537875907
11190	1271448946	84	907	0x200fccff	4294936193	537906431
11220	1271455103	88	951	0x20106888	4294961000	537946248
11250	1271461040	15	755	0x20100d19	4294925280	537922841
11280	1271466989	12	729	0x20101e00	4294902234	537927168
11310	1271472963	33	886	0x20104fd3	4294921140	537939923
11340	1271479127	38	785	0x200fda79	4294928925	537909881
11370	1271485179	47	787	0x200e98d9	4277405958	537827545
11400	1271491309	100	1005	0x200f560c	38937	537875980
11430	1271497279	40	899	0x200fca8a	4294947460	537905802
11460	1271502908	1	629	0x200faeea	36570	537898730
11490	1271508748	36	704	0x200ee268	64967	537846376
11520	1271514921	90	954	0x20104fe7	4294951609	537939943
11550	1271520856	61	756	0x200fbdd3	4294934450	537902547
11580	1271526970	64	842	0x200ffb84	13737	537918340
11610	1271532979	64	816	0x200fd7e8	4277570150	537909224
11640	1271539029	98	1011	0x200fe2dd	4268373152	537912029
11670	1271544881	76	828	0x200fd97a	4294924568	537909626
11700	1271550828	11	639	0x200ece71	102773	537841265
11730	1271556766	2	793	0x200fd966	4294932889	537909606
11760	1271562819	90	935	0x1f12f29b	16536807	521335451
11790	1271568309	30	537	0x200f9413	4294952802	537891859
11820	1271574347	11	893	0x201021b7	4294921822	537928119
11850	1271580428	67	884	0x200f8723	45692	537888547
11880	1271586512	77	814	0x2000e608	965741	536929800
11910	1271592610	83	915	0x200fa919	4294919576	537897241
11940	1271598741	25	883	0x200fe1b4	47598	537911732
11970	1271604500	9	667	0x200fe42d	33109	537912365
12000	1271610545	34	784	0x200f8afa	4294932134	537889530
12030	1271616612	93	922	0x200f50a7	4294004965	537874599
12060	1271622734	90	781	0x200fd9ce	4278932600	537909710
12090	1271628920	86	1026	0x200f4d10	51231	537873680
12120	1271634887	33	881	0x200f728e	21327	537883278
12150	1271641181	92	1001	0x20101bf8	4294879593	537926648
12180	1271646997	11	730	0x200f9caa	4294957960	537894058
12210	1271653105	61	837	0x200f5f3c	4294000219	537878332
12240	1271659060	50	875	0x201031d4	4294933104	537932244
12270	1271664842	7	585	0x200ef219	88615	537850393
12300	1271670706	71	749	0x200fef23	4294959456	537915171
12330	1271676958	40	984	0x2010479c	4294965638	537937820
12360	1271682983	83	988	0x200ff149	4294923396	537915721
12390	1271689074	6	786	0x20101312	4294935030	537924370
12420	1271695041	71	909	0x200ef6f5	56910	537851637
12450	1271700931	35	877	0x2010190f	7676	537925903
12480	1271707155	87	1097	0x200fd770	4294931125	537909104
12510	1271713134	65	789	0x200fc856	4294949890	537905238
12540	1271719316	61	878	0x200f67f4	42451	537880564
12570	1271725199	26	651	0x20102458	4294934397	537928792
12600	1271731504	80	977	0x201033ef	4294886252	537932783
12630	1271737499	12	849	0x200f9d33	4294962017	537894195
12660	1271743574	55	924	0x200edea3	84741	537845411
12690	1271749682	57	880	0x200f65d4	13495	537880020
12720	1271755619	53	930	0x200fab8a	1499	537897866
12750	1271761590	3	773	0x20102a3f	24992	537930303
12780	1271767525	91	822	0x200f69e4	4294937838	537881060
12810	1271773853	66	1132	0x200f56e6	4293998677	537876198
12840	1271779824	4	695	0x20104c06	19419	537938950
12870	1271785801	47	925	0x200f9484	4294914439	537891972
12900	1271791672	8	614	0x200eec83	84463	537848963
12930	1271797858	79	875	0x20101e44	4294913613	537927236
12960	1271803758	62	744	0x200f4435	51007	537871413
12990	1271809710	7	841	0x20103a32	4294879409	537934386
13020	1271815476	29	697	0x1f090fa4	17161844	520687524
13050	1271821265	55	840	0x200fb527	4294951708	537900327
13080	1271827105	22	835	0x200ff175	8259	537915765
13110	1271833103	97	841	0x200f6188	4294966556	537878920
13140	1271838956	72	819	0x20104f2c	4294925652	537939756
13170	1271844990	88	753	0x200f8162	4294950240	537887074
13200	1271850990	13	884	0x200f0a64	4294021623	537856612
13230	1271856859	37	865	0x200e6fc2	117961	537817026
13260	1271863174	77	1050	0x200f5054	41315	537874516
13290	1271869044	92	913	0x20103289	4294953159	537932425
13320	1271874932	17	826	0x200f300f	4294960858	537866255
13350	1271880929	90	703	0x20100617	4294966510	537921047
13380	1271886671	23	796	0x1f071256	17353160	520557142
13410	1271892801	48	904	0x200fdd1b	4294876608	537910555
13440	1271898637	1	896	0x200fccff	4294927890	537906431
13470	1271904552	93	781	0x200fc5d4	16556	537904596
13500	1271910621	88	801	0x200efad4	80627	537852628
13530	1271916886	37	941	0x1f02a0ca	17633994	520265930
13560	1271922899	54	770	0x200fdd84	4294904090	537910660
13590	1271928677	52	611	0x200f46af	3876	537872047
13620	1271934717	50	866	0x201003c6	4294929019	537920454
13650	1271940843	40	946	0x200fa8af	4294946457	537897135
13680	1271946834	66	848	0x200eb578	93899	537834872
13710	1271953247	41	1139	0x200fcab0	4294964327	537905840
13740	1271959179	26	673	0x200ee188	4294043386	537846152
13770	1271965026	2	769	0x200ffbf3	4294945975	537918451
13800	1271970991	4	759	0x1f0b438a	17079721	520831882
13830	1271977095	33	998	0x20100b07	4294937495	537922311
13860	1271983030	75	750	0x200f87b8	4294964565	537888696
13890	1271988887	42	822	0x2010268e	4294943480	537929358
13920	1271994955	33	801	0x200f7c5f	4294948492	537885791
13950	1272000914	17	901	0x2010345a	4294948224	537932890
13980	1272006839	78	807	0x200fa66a	2976	537896554
14010	1272012927	40	971	0x20100328	17453	537920296
14040	1272019006	7	923	0x201014c7	4294922228	537924807
14070	1272024964	17	957	0x20100a90	4294905474	537922192
14100	1272031292	29	1034	0x20105c8d	4294912697	537943181
14130	1272037061	57	769	0x200f1a48	11180	537860680
14160	1272042861	49	750	0x1f7c77c4	9621226	528250820
14190	1272048875	79	765	0x200ed319	86453	537842457
14220	1272054980	26	958	0x200fd5b9	4294935136	537908665
14250	1272060938	33	858	0x200f91f5	4294960029	537891317
14280	1272066948	18	795	0x200f3116	51832	537866518
14310	1272073093	21	908	0x2000ad8f	967191	536915343
14340	1272079038	88	950	0x200f99f3	4294941054	537893363
14370	1272084687	58	636	0x200f58e2	41858	537876706
14400	1272090569	54	804	0x200fd999	4294939079	537909657
14430	1272096315	40	727	0x2000e815	930452	536930325
14460	1272102522	95	889	0x200fe65c	4294883881	537912924
14490	1272108381	83	791	0x20102280	4294907779	537928320
14520	1272114248	67	844	0x200fd9a0	4294937167	537909664
14550	1272120567	27	922	0x2000a7ac	972422	536913836
14580	1272126448	37	698	0x201002f9	4294930776	537920249
14610	1272132558	68	853	0x201033ce	4294935866	537932750
14640	1272138695	52	902	0x200f8601	58555	537888257
14670	1272144836	96	868	0x200f5d82	4682	537877890
14700	1272150620	58	678	0x200f4881	4294923733	537872513
14730	1272156689	34	916	0x201079da	4294906896	537950682
14760	1272162867	54	990	0x200f4016	64878	537870358
14790	1272169158	79	1038	0x1f03648a	17602715	520316042
14820	1272175250	94	757	0x200f7bd4	40211	537885652
14850	1272181133	19	805	0x1f12d6c1	16572523	521328321
14880	1272186873	55	737	0x200f4bbb	4294909406	537873339
14910	1272193002	74	956	0x200f85d7	11468	537888215
14940	1272199186	38	1066	0x20108ee9	4294849968	537956073
14970	1272205067	96	841	0x200ee6d9	87516	537847513
15000	1272210970	8	684	0x2000e31d	961552	536929053
15030	1272217093	21	983	0x200fe78a	4294876130	537913226
15060	1272223040	1	661	0x200f3ad1	1293	537869009
15090	1272229175	83	976	0x20100461	738	537920609
15120	1272235297	55	923	0x20104113	4294912886	537936147
15150	1272241255	34	822	0x201023d4	4294905915	537928660
15180	1272247086	44	942	0x200fabc8	3892	537897928
15210	1272253300	66	939	0x20101993	20476	537926035
15240	1272259448	99	889	0x20106d80	4294896629	537947520
15270	1272265541	60	784	0x20103805	4294892939	537933829
15300	1272272020	80	1086	0x200fd21f	41886	537907743
15330	1272278161	84	841	0x20103550	25522	537933136
15360	1272284343	67	933	0x200fdd54	4294940353	537910612
15390	1272290439	47	835	0x2010028f	4277721055	537920143
15420	1272296328	30	717	0x20102146	5912	537928006
15450	1272301962	1	566	0x200f2a4d	4294937786	537864781
15480	1272308075	88	970	0x20101b79	4294933904	537926521
15510	1272314080	56	844	0x200f7648	4294961054	537884232
15540	1272320160	3	929	0x20102a96	841	537930390
15570	1272326137	66	838	0x200fb270	4277235895	537899632
15600	1272332350	70	902	0x200f54e7	46117	537875687
15630	1272338557	12	870	0x200f98e4	16830	537893092
15660	1272344837	75	1098	0x1f05f832	17419140	520484914
15690	1272350907	69	790	0x20107477	4294893174	537949303
15720	1272356904	65	814	0x200f454e	47621	537871694
15750	1272362833	14	803	0x20103fab	4294925853	537935787
15780	1272368721	45	714	0x200f146c	4294948205	537859180
15810	1272374764	68	902	0x200f173d	4282862129	537859901
15840	1272380637	97	846	0x20100f03	4294893373	537923331
15870	1272386782	14	834	0x200ff07f	27577	537915519
15900	1272392943	24	753	0x200f7faa	46664	537886634
15930	1272398839	68	802	0x200f6315	39023	537879317
15960	1272405135	91	967	0x200f5f01	31623	537878273
15990	1272411293	69	947	0x200f75a7	17650	537884071
16020	1272417005	38	594	0x200f625a	4294933590	537879130
16050	1272423016	64	967	0x201017c2	4294925424	537925570
16080	1272428940	29	765	0x1f01599b	17694283	520182171
16110	1272435193	86	1035	0x2010210a	4294932406	537927946
16140	1272441368	4	929	0x20104d20	4294932675	537939232
16170	1272447221	0	901	0x201017dc	4294904545	537925596
16200	1272453260	39	755	0x1f404783	13572199	524306307
16230	1272459317	18	840	0x200f5bff	35783	537877503
16260	1272465454	74	975	0x200f3a40	4294007373	537868864
16290	1272471504	92	934	0x200f8195	4277712096	537887125
16320	1272477570	29	964	0x200f3b78	48039	537869176
16350	1272483537	56	992	0x2010060e	4294935623	537921038
16380	1272489589	34	866	0x20103917	4294905972	537934103
16410	1272495624	43	946	0x20103ae7	4294876666	537934567
16440	1272501541	4	670	0x200fcc64	4294947590	537906276
16470	1272507508	64	735	0x200eca9c	82818	537840284
16500	1272513440	31	670	0x200fd51e	4294931743	537908510
16530	1272519384	28	839	0x200e4af2	4294091070	537807602
16560	1272525010	68	597	0x200fc31e	4294958820	537903902
16590	1272531160	62	834	0x200ef48f	4294040294	537851023
16620	1272537471	25	1119	0x20109082	4294935577	537956482
16650	1272543520	63	869	0x201041e2	4294941305	537936354
16680	1272549616	51	895	0x20100a44	4294897799	537922116
16710	1272555491	98	785	0x200f439a	12451	537871258
16740	1272561524	63	900	0x20103e20	4294902975	537935392
16770	1272567655	31	950	0x200fe757	4294911559	537913175
16800	1272573705	98	897	0x1e28475c	31940221	505956188
16830	1272579711	7	909	0x201039d8	4294909423	537934296
16860	1272585586	83	720	0x200f2829	4294965915	537864233
16890	1272591634	99	894	0x2010566b	4294904698	537941611
16920	1272597340	78	689	0x200f294c	4294949148	537864524
16950	1272603486	89	886	0x1f08043c	17271758	520619068
16980	1272609452	19	866	0x200f72e9	4294923964	537883369
17010	1272615403	0	711	0x200f2ff0	63261	537866224
17040	1272621570	7	992	0x20103627	4294907421	537933351
17070	1272627485	31	890	0x200f5804	4294965853	537876484
17100	1272633749	3	856	0x200fa044	4293986462	537894980
17130	1272639893	35	838	0x200fc254	4294932685	537903700
17160	1272645891	20	850	0x200f16d7	62366	537859799
17190	1272651776	96	787	0x200fc2f1	8295	537903857
17220	1272657801	90	837	0x20103104	4294958559	537932036
17250	1272664139	86	1101	0x200fe480	4294949973	537912448
17280	1272669896	1	605	0x200f7c1d	13288	537885725
17310	1272675940	48	813	0x20101943	4294917431	537925955
17340	1272681652	6	748	0x20100857	4294959866	537921623
17370	1272687442	74	689	0x200f14a4	88032	537859236
17400	1272693533	32	697	0x200f81fa	12751	537887226
17430	1272699244	12	690	0x200f40c0	44075	537870528
17460	1272705300	39	909	0x20101d86	4294915025	537927046
17490	1272711208	21	765	0x200f6916	5814	537880854
17520	1272717386	77	853	0x200f6724	33374	537880356
17550	1272723552	18	825	0x200f2ba8	4294029559	537865128
17580	1272729519	75	795	0x200f20bd	60021	537862333
17610	1272735803	85	998	0x200f8f3c	18468	537890620
17640	1272741569	30	681	0x200f9f08	41816	537894664
17670	1272747728	86	866	0x200f6ac1	22605	537881281
17700	1272753635	9	881	0x20101456	4294932406	537924694
17730	1272759804	0	1060	0x200fc49b	4294931021	537904283
17760	1272765849	25	896	0x200fe444	4294936904	537912388
17790	1272771779	76	922	0x200f2807	52289	537864199
17820	1272777640	34	795	0x200fa431	46925	537895985
17850	1272783786	36	960	0x200f21fc	64150	537862652
17880	1272789964	21	936	0x200f8c85	9433	537889925
17910	1272795939	53	824	0x200fbfda	4294902118	537903066
17940	1272801780	20	836	0x200fc58e	20883	537904526
17970	1272807851	48	904	0x20103392	6916	537932690
18000	1272813802	40	870	0x200f5325	4294963765	537875237
18030	1272819788	31	879	0x20106efb	4294930430	537947899
18060	1272825714	16	821	0x200fc36f	4294885308	537903983
18090	1272831579	87	890	0x200f5d09	30234	537877769
18120	1272837454	91	868	0x200f8157	4294954258	537887063
18150	1272843333	11	831	0x200f7f38	15654	537886520
18180	1272849576	89	1040	0x2010604b	4294923217	537944139
18210	1272855517	19	850	0x200f849b	4294961090	537887899
18240	1272861404	57	802	0x200fb733	21894	537900851
18270	1272867682	23	929	0x200f9a4e	24329	537893454
18300	1272873833	91	835	0x200f5bda	4285565927	537877466
18330	1272879806	25	1000	0x200ff0ab	4294919275	537915563
18360	1272885708	92	867	0x2010197a	4294916321	537926010
18390	1272891426	28	716	0x200ff89b	4294952688	537917595
18420	1272897305	48	944	0x200ff972	4294891343	537917810
18450	1272903303	3	871	0x200f5802	28366	537876482
18480	1272909276	73	754	0x20103baa	4294933633	537934762
18510	1272915418	8	937	0x200f8ffc	4294921730	537890812
18540	1272921585	53	1095	0x200ea97d	4294065274	537831805
18570	1272927409	4	776	0x200f445d	29797	537871453
18600	1272933391	90	684	0x200f0e58	58634	537857624
18630	1272939370	73	722	0x200f3707	33536	537868039
18660	1272945498	39	1005	0x200f013e	72193	537854270
18690	1272951453	95	858	0x200ef1aa	66917	537850282
18720	1272957456	40	875	0x20100478	4294934391	537920632
18750	1272963571	28	757	0x2010444a	4294900214	537936970
18780	1272969302	48	625	0x200fd49e	4294909783	537908382
18810	1272975166	14	830	0x2000f26e	967364	536932974
18840	1272981232	35	855	0x200f8f76	4294915592	537890678
18870	1272987177	37	802	0x200fede9	9658	537914857
18900	1272993111	22	707	0x200fa632	45707	537896498
18930	1272998771	9	506	0x200edf48	76829	537845576
18960	1273004856	12	875	0x201041e1	4294930774	537936353
18990	1273010727	26	813	0x200f3b61	4294956810	537869153
19020	1273016438	3	656	0x20100319	4294952461	537920281
19050	1273022392	28	785	0x20106287	4294850084	537944711
19080	1273028520	72	1021	0x200f3cc7	53861	537869511
19110	1273034683	45	983	0x20104eb8	4294949872	537939640
19140	1273040751	46	868	0x20102e26	10874	537931302
19170	1273046800	34	878	0x200fae4d	4294935852	537898573
19200	1273052837	54	1117	0x2000fead	978806	536936109
19230	1273058882	28	717	0x200f5a9b	13248	537877147
19260	1273064821	24	721	0x200f0c0c	51272	537857036
19290	1273070972	2	939	0x200f52a8	26067	537875112
19320	1273077080	55	1078	0x200eb1fe	4294067779	537833982
19350	1273083157	27	850	0x200ef35d	80022	537850717
19380	1273089031	62	745	0x200f6f75	4294963594	537882485
19410	1273095191	44	915	0x200f34c8	61320	537867464
19440	1273101101	33	875	0x2010062f	4294962688	537921071
19470	1273107124	17	831	0x200f9b0d	4294948790	537893645
19500	1273112957	20	729	0x20105f0a	4294920643	537943818
19530	1273118903	53	848	0x1f0faf95	16715847	521121685
19560	1273125075	80	968	0x200f7494	52634	537883796
19590	1273131159	94	1054	0x1f078f75	17311460	520589173
19620	1273137574	49	989	0x200ff2a0	25404	537916064
19650	1273143740	74	893	0x200f717c	52433	537883004
19680	1273149814	55	1073	0x200084f7	983424	536904951
19710	1273155904	45	916	0x200faf5c	3450	537898844
19740	1273162129	50	955	0x200f7eb9	36444	537886393
19770	1273168145	34	854	0x200f3e43	79302	537869891
19800	1273174052	81	926	0x200fdd13	4294948596	537910547
19830	1273180091	45	878	0x200f4fa1	4277526820	537874337
19860	1273186173	95	921	0x200f79ba	16676	537885114
19890	1273192252	76	996	0x200f00b9	63283	537854137
19920	1273198225	70	994	0x201054ca	4294937021	537941194
19950	1273204221	66	858	0x20101608	4294889713	537925128
19980	1273210305	58	839	0x200f9e16	4294955172	537894422
